value
0.992379694711417
0.587060171179473
0.991498102201149
0.734610934741795
0.575437826337293
0.0173139115795493
0.978806873783469
0.804424980655313
0.0515768371988088
0.4866178620141
0.921562270028517
0.895114328479394
0.899662609677762
0.91715596546419
0.755319649353623
0.494340103818104
0.261522904969752
0.58087216806598
0.479591045761481
0.836113394005224
0.64898411789909
0.739299471257254
0.380255595315248
0.612666657892987
0.408887759083882
0.174206838710234
0.20545010548085
0.989425795851275
0.611853984650224
0.0378370662219822
0.545136549510062
0.249240335542709
0.612301838118583
0.577281446894631
0.933343764860183
0.819394129794091
0.166518695652485
0.692573415115476
0.327214897843078
0.101902332855389
0.525899570668116
0.667812858941033
0.718850269215181
0.59828257584013
0.600439018569887
0.689939748262987
0.313953438540921
0.913269120035693
0.456793708493933
0.554778967518359
0.432245213538408
0.304595634574071
0.789109844248742
0.0259531596675515
0.82323446823284
0.256361819803715
0.414628177182749
0.0831118382047862
0.0672372065018862
0.658818980213255
0.0416423783171922
0.471129223704338
0.210359159158543
0.673630853416398
0.0870145279914141
0.623057840391994
0.902658898150548
0.924452869221568
0.992472680984065
0.853716377867386
0.490631657186896
0.780226778006181
0.452046015998349
0.86408116761595
0.164238585857674
0.945588578702882
0.839459222275764
0.355325823649764
0.303231968078762
0.857908513396978
0.105824547354132
0.90608791122213
0.924145341385156
0.508329473435879
0.814367386745289
0.324153725989163
0.442613263847306
0.816703222924843
0.421696780249476
0.441810702905059
0.022875193040818
0.889597945380956
0.476744337240234
0.45525455661118
0.512641556793824
0.207934073871002
0.964144860161468
0.419101712061092
0.0584920824039727
0.624064755160362
0.713615962304175
0.978525133803487
0.818948426982388
0.762943856418133
0.585931858513504
0.524466737173498
0.449032563250512
0.565906247356907
0.658167350338772
0.270543388556689
0.73251174017787
0.490620974684134
0.664442256558686
0.82323446823284
0.84841841715388
0.00231315428391099
0.147972819162533
0.801466524135321
0.916936923749745
0.64334136294201
0.671511481981725
0.30074991681613
0.506967083085328
0.322710270062089
0.737232496729121
0.0701593516860157
0.697706337319687
0.75292177638039
0.38305545062758
0.460918833268806
0.220280716894194
0.680068945046514
0.829283511266112
0.0182975919451565
0.646015729056671
0.496954619185999
0.620492663467303
0.455255438806489
0.254434146452695
0.189678238239139
0.495399638544768
0.677353531587869
0.372233977308497
0.0220997540745884
0.729158899281174
0.198352012317628
0.898270796984434
0.364600621396676
0.464370512636378
0.852738123619929
0.0493636580649763
0.926194868050516
0.580193118890747
0.367573477327824
0.392196808941662
0.735001986613497
0.494778660358861
0.194622928742319
0.153995365602896
0.633348864270374
0.169261923059821
0.55726771382615
0.947912011062726
0.83232033951208
0.636220582993701
0.813097949372604
0.336441772291437
0.159976202761754
0.73338320478797
0.773378484649584
0.854960588971153
0.711050193756819
0.775811158586293
0.225542007014155
0.064492862438783
0.906068100593984
0.0973970659542829
0.264859553426504
0.760301414178684
0.514260192401707
0.36592429340817
0.899662609677762
0.541843531187624
0.344413568032905
0.421371126547456
0.975711392937228
0.535783014027402
0.0555908721871674
0.228819187730551
0.770135954488069
0.597000803798437
0.268038923153654
0.2559119167272
0.0718236248940229
0.777345244772732
0.0786646022461355
0.863241760293022
0.502538558561355
0.24098989716731
0.530436003347859
0.660632282728329
0.893607523990795
0.977685427991673
0.912948014447466
0.712061767699197
0.224841280141845
0.670077141141519
0.795840554405004
0.31318561383523
0.312116085551679
0.138264143373817
0.654807192040607
0.643536987714469
0.064275978365913
0.363997246371582
0.841987777967006
0.836113394005224
0.802561484044418
0.0259216090198606
0.870343463029712
0.37648067693226
0.684283165261149
0.294202580116689
0.187072354834527
0.678737471112981
0.68964809156023
0.000234604114666581
0.778930549742654
0.903550929157063
0.462011446710676
0.233839491615072
0.260537890717387
0.558292197296396
0.0685936284717172
0.272666063858196
0.154566450277343
0.14450414525345
0.551576616009697
0.569604213349521
0.5839868420735
0.174935639370233
0.0097788623534143
0.854489411460236
0.704571439651772
0.510645589558408
0.0189105735626072
0.482362499227747
0.268521551042795
0.262465076521039
0.84234372433275
0.670077141141519
0.397438840940595
0.109200376784429
0.46231519500725
0.123433565953746
0.707299131667241
0.726410194532946
0.855699687963352
0.35787812829949
0.0448896407615393
0.438442314509302
0.318514066049829
0.386790686286986
0.635718673467636
0.557754862587899
0.777826545527205
0.25591776217334
0.782318973215297
0.631859754445031
0.0664326553232968
0.689085446763784
0.927001748466864
0.134362125303596
0.766753148753196
0.50436276756227
0.898825835203752
0.326880808919668
0.87649161205627
0.936592600075528
0.23757289070636
0.501487085595727
0.310225630179048
0.34371349378489
0.283806962892413
0.418324066093192
0.615128655219451
0.556177757214755
0.626225020736456
0.44556911662221
0.489233259344473
0.895114328479394
0.603254908695817
0.903456577798352
0.556319976691157
0.26937786443159
0.972892690915614
0.823953566607088
0.976630113553256
0.513237520121038
0.994283245876431
0.110570740187541
0.340107544790953
0.411213371437043
0.456831708317623
0.683496893849224
0.741484994534403
0.112590741831809
0.207869818899781
0.185409372206777
0.931897277710959
0.0378370662219822
0.723540636943653
0.989006759598851
0.386222912697122
0.280446468153968
0.352493833517656
0.307997168507427
0.533273347653449
0.754264714894816
0.556969132972881
0.504627275746316
0.0437789768911898
0.0577456208411604
0.429208101006225
0.715929651632905
0.663702320307493
0.0803108308464289
0.446103816619143
0.815261222654954
0.110416383016855
0.512631563935429
0.533931024838239
0.430406346917152
0.38019807706587
0.208331265952438
0.712236455176026
0.810595445800573
0.143868740415201
0.372780445730314
0.880386411678046
0.0905543633271009
0.828266789205372
0.993840920040384
0.242647192440927
0.454407378798351
0.849078820319846
0.907724825665355
0.54468842013739
0.41098180715926
0.143138864077628
0.464272166835144
0.0667681552004069
0.221818034769967
0.972309510223567
0.1481328306254
0.160743830958381
0.1802131049335
0.83232033951208
0.146733199479058
0.439422979485244
0.415578172076494
0.57010782067664
0.657014893367887
0.427470087306574
0.494549350114539
0.849211468361318
0.58087216806598
0.605906462995335
0.418630973203108
0.0667132900562137
0.620128734270111
0.574174670036882
0.21593475760892
0.801640791120008
0.144483970478177
0.941891199909151
0.683496893849224
0.578794773668051
0.298708078684285
0.8686962435022
0.824839860899374
0.488122784765437
0.837532051606104
0.730048588477075
0.0536451663356274
0.174935639370233
0.611209888476878
0.288250332698226
0.963623130926862
0.506379111902788
0.251736874459311
0.613501897314563
0.819697586353868
0.132236581994221
0.0789488796144724
0.48605286818929
0.132473726058379
0.460398763883859
0.509916774230078
0.175992506556213
0.804536614334211
0.214980773394927
0.671479000709951
0.938985585700721
0.0987668910529464
0.221818034769967
0.288534053135663
0.0166982403025031
0.16950962645933
0.236828393302858
0.912234925897792
0.746227309573442
0.886304406682029
0.395161600317806
0.898701229598373
0.215355939697474
0.54719455121085
0.598974158754572
0.00215043406933546
0.226741450140253
0.539846399333328
0.114561484428123
0.147730020107701
0.608465708559379
0.898704511811957
0.743264959193766
0.505395897431299
0.386173217790201
0.419390970375389
0.422148169483989
0.519573764875531
0.0904957903549075
0.113668123958632
0.219559466233477
0.188237668946385
0.802644297247753
0.90850017266348
0.671159093035385
0.405842977343127
0.994829356437549
0.0905108745209873
0.68964809156023
0.31318561383523
0.568676645169035
0.545880738645792
0.123548408271745
0.679819674463943
0.128701363457367
0.928292197873816
0.0664826540742069
0.207934073871002
0.101474903523922
0.394822629634291
0.570215320214629
0.922648714855313
0.414789840113372
0.571727943839505
0.959746160078794
0.300987306982279
0.311125873355195
0.127344272797927
0.394948647124693
0.0615482951980084
0.803589910268784
0.306677933782339
0.0152375891339034
0.212535644182935
0.36457134783268
0.39706684066914
0.58506372035481
0.656628854339942
0.629932209150866
0.33504891092889
0.918773854151368
0.034380016149953
0.67973483260721
0.985313199693337
0.365681119030342
0.377579135121778
0.705749546876177
0.0748904913198203
0.81490647001192
0.332818135386333
0.256067492999136
0.200837882002816
0.315910573583096
0.0197632669005543
0.826203077333048
0.382677962072194
0.679699208354577
0.759678320027888
0.268621410708874
0.261137722758576
0.0466694191563874
0.733612713869661
0.49506268161349
0.0963080988731235
0.298605021787807
0.303231968078762
0.417655231431127
0.626056405249983
0.747054628096521
0.57355664880015
0.587631361326203
0.0750381711404771
0.667219360126182
0.562770169228315
0.714666993357241
0.299579449463636
0.88357956847176
0.39955908129923
0.915581261273474
0.087440021103248
0.444650381337851
0.392794641433284
0.439197946805507
0.373257651692256
0.854032364441082
0.160743830958381
0.832126758759841
0.247535492293537
0.951493066735566
0.49168623262085
0.00750092277303338
0.668464668327942
0.784174116328359
0.260537890717387
0.203776576090604
0.381835884414613
0.914985890034586
0.59828257584013
0.959382915403694
0.560767777031288
0.0850789162795991
0.816549982409924
0.247535492293537
0.373165357392281
0.694168954622
0.400014930171892
0.144433956593275
0.894325644243509
0.385611090576276
0.224841280141845
0.475098579656333
0.558749967254698
0.247621436836198
0.41968068247661
0.943443686002865
0.0959734655916691
0.837532051606104
0.910889628576115
0.667620525928214
0.27487867558375
0.999386755051091
0.100013803923503
0.663912131683901
0.298148263478652
0.843536802567542
0.0874165461864322
0.31056912522763
0.779232521541417
0.725055984221399
0.120672681834549
0.672376533970237
0.0734229197259992
0.122309603961185
0.0612453774083406
0.927025506040081
0.301587919704616
0.89654326136224
0.459351286757737
0.143823479302227
0.974850478582084
0.375786711694673
0.60715016303584
0.995091111399233
0.834958016406745
0.70628486876376
0.769200284499675
0.821623939089477
0.152704628650099
0.636628363281488
0.191640268545598
0.635428868001327
0.709609970217571
0.950473320437595
0.216792788123712
0.224687037291005
0.46664233203046
0.852484582457691
0.812905609607697
0.675191442249343
0.236957219662145
0.539353305241093
0.242701719747856
0.930595172801986
0.15618106094189
0.280992984073237
0.891769925598055
0.6380555042997
0.235122494399548
0.497915947111323
0.0952009600587189
0.235476482659578
0.896765672368929
0.382857131538913
0.842695367988199
0.901934967609122
0.0376613310072571
0.0610899266321212
0.505031559150666
0.706202790839598
0.472197866765782
0.345528119476512
0.221825297689065
0.150438754353672
0.0921311606653035
0.473324661143124
0.167319315951318
0.989450708497316
0.18047847552225
0.337063043378294
0.686501979129389
0.0141229573637247
0.219559466233477
0.793323510792106
0.161405304213986
0.719976872904226
0.876237117918208
0.586366094183177
0.233671579742804
0.717648816760629
0.97489522350952
0.361923971446231
0.395730550168082
0.395960392197594
0.684283165261149
0.368240745272487
0.563959458377212
0.535448389593512
0.0511167049407959
0.989391271490604
0.447539408458397
0.273795262444764
0.924413019791245
0.0589751696679741
0.923737675650045
0.430662549799308
0.741484994534403
0.0312593672424555
0.119738061912358
0.017048780573532
0.775634063640609
0.400288223754615
0.776290455833077
0.182086226996034
0.816703222924843
0.764040949987248
0.113402383634821
0.987802888033912
0.651689988095313
0.795434647472575
0.772804001346231
0.618276720866561
0.584261668613181
0.450697540771216
0.159915590891615
0.189225954003632
0.689802536508068
0.658986808499321
0.485157383838668
0.721411640290171
0.228926267940551
0.0552101051434875
0.97381657641381
0.207110262941569
0.307775291614234
0.557820863556117
0.891510948073119
0.801103034289554
0.982509816298261
0.846355220302939
0.15618106094189
0.463880545692518
0.0290154423564672
0.273795262444764
0.0811537271365523
0.726661005290225
0.501487085595727
0.481946058338508
0.358148065628484
0.773355159442872
0.12087861681357
0.175992506556213
0.0470565662253648
0.658623742405325
0.0650998179335147
0.434811200946569
0.663014644756913
0.544166346546263
0.673951530363411
0.917558186221868
0.192298056557775
0.531457100063562
0.279013369930908
0.0437789768911898
0.913875514175743
0.675915296189487
0.742609844310209
0.117063116049394
0.814689575461671
0.128782534506172
0.324198481161147
0.997620500391349
0.239919623127207
0.393659994937479
0.66664863540791
0.646932154428214
0.7595870483201
0.442613263847306
0.478748812573031
0.417478801915422
0.398093282012269
0.254044524161145
0.50619404274039
0.27671230933629
0.54465843597427
0.2973004989326
0.983945058193058
0.620376283768564
0.355801539029926
0.251736874459311
0.111865252489224
0.192654149141163
0.183445339323953
0.0476967450231314
0.773882039589807
0.00608460605144501
0.839459222275764
0.782662409590557
0.413713261950761
0.921960239997134
0.743344533257186
0.931514801457524
0.979091987013817
0.432245213538408
0.248576855985448
0.629064924549311
0.456395269138739
0.740543113322929
