value
0.468953863019124
0.0998081811703742
0.858505066484213
0.431065475335345
0.504990861052647
0.214265433140099
0.163751787040383
0.522503544110805
0.581562772393227
0.0220271970611066
0.353056136984378
0.342225669883192
0.410765537526459
0.792669625254348
0.612503177952021
0.80711216526106
0.993063020054251
0.505031559150666
0.0101074518170208
0.657273437362164
0.809112697839737
0.0372425869572908
0.143606081837788
0.273843294009566
0.853509304812178
0.775489901425317
0.310092118103057
0.818800044711679
0.120042054215446
0.577490354655311
0.408276207745075
0.456793708493933
0.744594673626125
0.682150520384312
0.629064924549311
0.612207621568814
0.499291275627911
0.697837526211515
0.490631657186896
0.220035310601816
0.658340010093525
0.570021380670369
0.557820863556117
0.655407632235438
0.578781351679936
0.165676663629711
0.242553642019629
0.550721069565043
0.785184962674975
0.749611805658787
0.879242047900334
0.41437136544846
0.560880724573508
0.101712603587657
0.996982192154974
0.829283511266112
0.828793641645461
0.659450672799721
0.0430302191525698
0.505395897431299
0.919118552003056
0.626753845717758
0.77917476859875
0.316939800512046
0.0898243980482221
0.0840710387565196
0.610027981456369
0.0220271970611066
0.712236455176026
0.478218735195696
0.433306893799454
0.814443927025422
0.346379396738485
0.667715072631836
0.879603263689205
0.564481930574402
0.0605528445448726
0.253192687407136
0.206746228970587
0.435054117348045
0.395070025697351
0.756014857208356
0.259218705585226
0.025866850046441
0.675518109695986
0.926238588988781
0.107086465228349
0.484232036396861
0.644963795784861
0.612666657892987
0.463880545692518
0.7813768631313
0.78915757406503
0.338474918389693
0.214265433140099
0.438962421147153
0.418959144735709
0.982151742326096
0.454870647750795
0.104438352165744
0.779661580221727
0.521442496683449
0.813521002652124
0.720680033322424
0.818948426982388
0.603912594495341
0.11888871807605
0.0645524230785668
0.892562900669873
0.488548754015937
0.71828496735543
0.577123717404902
0.118272231891751
0.339088742854074
0.170317687792704
0.557083487277851
0.583760830340907
0.978011841885746
0.7852388988249
0.170042567420751
0.66664863540791
0.779300681082532
0.59508623345755
0.990371890366077
0.498858575709164
0.16539869341068
0.616223443765193
0.590450679883361
0.656504133716226
0.554370178608224
0.994853946147487
0.658623742405325
0.552266997052357
0.849211468361318
0.489703552564606
0.648310523945838
0.0664326553232968
0.69986221101135
0.724221965763718
0.223377364454791
0.774567423155531
0.563539319904521
0.448709490709007
0.316222454654053
0.787161284126341
0.319938637549058
0.137486569117755
0.507625869940966
0.357252212706953
0.925081309396774
0.637010251404718
0.946244414197281
0.94822553684935
0.539042939199135
0.698351572966203
0.0247609538491815
0.509753935504705
0.879214437445626
0.710532025666907
0.845072238473222
0.638294753152877
0.93447681912221
0.449705769540742
0.285190217429772
0.291748219868168
0.978806873783469
0.168073202017695
0.189775689505041
0.558946765726432
0.18984888959676
0.975526233902201
0.794335580663756
0.0509819719009101
0.0904957903549075
0.46382988197729
0.8686962435022
0.160694987513125
0.869302636478096
0.287397883599624
0.687682052608579
0.91536891204305
0.481384863611311
0.612522307317704
0.0679355799220502
0.941780728753656
0.451430695364252
0.69091494102031
0.298605021787807
0.0317190333735198
0.840809381799772
0.924076428171247
0.870221274904907
0.915293288649991
0.148717144038528
0.0771305118687451
0.298697701422498
0.950871068285778
0.857830602675676
0.978711139410734
0.626605359604582
0.115482249064371
0.2973004989326
0.816098070703447
0.705896063707769
0.755427749361843
0.266373816179112
0.953088878653944
0.00342618604190648
0.711286910576746
0.840873758774251
0.61264349357225
0.816703222924843
0.56740979035385
0.451957543613389
0.614590082550421
0.499745654407889
0.743997662561014
0.669936152407899
0.701017576968297
0.602759769419208
0.768645584350452
0.239520668750629
0.822402140824124
0.84734674077481
0.29394685709849
0.141463133040816
0.37070112908259
0.744594673626125
0.775634063640609
0.737066053552553
0.228926267940551
0.456349338404834
0.937844765605405
0.364966397872195
0.0371213909238577
0.686933008721098
0.278003499377519
0.290652270196006
0.992876416770741
0.813521002652124
0.143705501453951
0.838900152593851
0.215969091281295
0.0391585635952652
0.869562197709456
0.857590133557096
0.190664754016325
0.687843769555911
0.648754235357046
0.579736497951671
0.617558310274035
0.301200003828853
0.232791848946363
0.645700532244518
0.539804594824091
0.980760579928756
0.795866341795772
0.412483979482204
0.729158899281174
0.619374596048146
0.470518100308254
0.735676509095356
0.544706110842526
0.473324661143124
0.0842476054094732
0.868290953803807
0.703312959522009
0.433449803851545
0.477050259476528
0.692665900569409
0.317417656769976
0.889232518384233
0.23958435235545
0.906447952846065
0.175356608582661
0.321618192596361
0.548433271469548
0.502415662398562
0.234035833273083
0.47430338547565
0.305181954754516
0.533234102651477
0.0472330246120691
0.519675651332363
0.0855171037837863
0.0428167569916695
0.52099510631524
0.883892566431314
0.290015742182732
0.384756370214745
0.369050099747255
0.564471039455384
0.864926760317758
0.915128904627636
0.00927390111610293
0.404551112325862
0.624721602536738
0.333598686847836
0.644963795784861
0.422148169483989
0.802561484044418
0.00744550628587604
0.880386411678046
0.422055333154276
0.533273347653449
0.50513125397265
0.509753935504705
0.36592429340817
0.0700447259005159
0.410617641871795
0.233671579742804
0.683879403630272
0.310302574653178
0.0807098324876279
0.3921200230252
0.0336383765097708
0.329980975249782
0.992093238746747
0.432245213538408
0.00411324785090983
0.942471721675247
0.98292436520569
0.729927183128893
0.334036132320762
0.171075585763901
0.150910685071722
0.313813060056418
0.115117421606556
0.954594391863793
0.334036132320762
0.754591957898811
0.00611779233440757
0.793919265735894
0.850439450005069
0.658986808499321
0.484725087881088
0.955729448469356
0.28700597723946
0.153908759355545
0.316222454654053
0.340717438608408
0.664980520959944
0.0594598313327879
0.535460059298202
0.839036803226918
0.329248427646235
0.768131299410015
0.258927990216762
0.463804291095585
0.858505066484213
0.82273180782795
0.532516439910978
0.922668128740042
0.2251320714131
0.668153952807188
0.355971130542457
0.60716465767473
0.801954203750938
0.81763012567535
0.444092876277864
0.368047966388986
0.992827242938802
0.501434955978766
0.314731279155239
0.752376653486863
0.259632340166718
0.392692846711725
0.0762464895378798
0.539846399333328
0.261611587833613
0.992379694711417
0.620359010063112
0.989126136526465
0.100013803923503
0.933759540319443
0.526970618637279
0.915504832519218
0.11605488252826
0.651495912345126
0.914554446935654
0.431425987742841
0.458872160641477
0.448899325914681
0.0520893903449178
0.249240335542709
0.797002850333229
0.0382188870571554
0.765326167223975
0.18272720836103
0.583903583465144
0.886341595556587
0.650145989609882
0.328175311442465
0.746460549533367
0.283424097811803
0.0962573327124119
0.944415085250512
0.940807291306555
0.329465677263215
0.627113283611834
0.63936452800408
0.562582577345893
0.990989325335249
0.650995965581387
0.81341235502623
0.235431875567883
0.241468528984115
0.671400852734223
0.553582478081807
0.176699038827792
0.00124631635844707
0.743012378923595
0.00563456327654421
0.0261083242949098
0.34319015732035
0.672996225766838
0.927787852007896
0.966826970688999
0.670210069045424
0.269062173552811
0.0724375152494758
0.704571439651772
0.345650156028569
0.889306975994259
0.468458226649091
0.565885368036106
0.527691648108885
0.622122350847349
0.7495014925953
0.995938206557184
0.995938206557184
0.871334225637838
0.191764880903065
0.584332950180396
0.245782498503104
0.197879254119471
0.966997597599402
0.434851732803509
0.188467980129644
0.714259170461446
0.331421301933005
0.0222121705301106
0.69986221101135
0.273428160930052
0.596608465770259
0.0765693949069828
0.304407141869888
0.50284392433241
0.0351288397796452
0.568676650524139
0.392956603551283
0.241236654808745
0.889737151330337
0.567504957085475
0.146429442567751
0.587060171179473
0.837539537111297
0.678878264501691
0.922648714855313
0.294434595387429
0.100074039073661
0.919583439826965
0.238744499860331
0.187072354834527
0.119583955034614
0.13191597070545
0.406658995663747
0.22332372656092
0.307159463176504
0.935006747255102
0.559607215225697
0.841325922636315
0.60716465767473
0.294531105551869
0.0835325021762401
0.793829174246639
0.88443655683659
0.667715072631836
0.828844598261639
0.983889874303713
0.648908890783787
0.721596710383892
0.384723805822432
0.326990155968815
0.099974972428754
0.669330459786579
0.157659015851095
0.584049898898229
0.174501244910061
0.0161819737404585
0.0873284824192524
0.443229370983317
0.824420701945201
0.739101451355964
0.59975303709507
0.669844599440694
0.319225092884153
0.902658898150548
0.714219019282609
0.352021298138425
0.67501330608502
0.0192572528030723
0.270512615330517
0.39606696087867
0.516332549741492
0.154944114154205
0.00357947428710759
0.927060436224565
0.397605025675148
0.662276200018823
0.513609257526696
0.117672979366034
0.133458351250738
0.792580583598465
0.731689172098413
0.644239348359406
0.568215543869883
0.577399387955666
0.0618750462308526
0.741932431701571
0.459834970068187
0.225995652843267
0.0727562471292913
0.620514211477712
0.592086924239993
0.24003601516597
0.617558310274035
0.043797668768093
0.236706849420443
0.357887610560283
0.716475442517549
0.534669557819143
0.790482509182766
0.0791378982830793
0.51648801448755
0.483111520297825
0.872417726321146
0.132525506895036
0.153908759355545
0.832573625724763
0.482221149140969
0.98732926370576
0.50854530534707
0.713336467277259
0.463447618065402
0.548459670739248
0.204735687468201
0.550268152030185
0.279082787688822
0.680068945046514
0.720129600027576
0.0658221179619431
0.836912153288722
0.179313550936058
0.93378657870926
0.428479021182284
0.744210659060627
0.321618192596361
0.840286812046543
0.664951804792508
0.112676317803562
0.363347152248025
0.115110390819609
0.478910312056541
0.0057618438731879
0.897923755459487
0.669204404344782
0.00722546689212322
0.182411711663008
0.772363796830177
0.285723864799365
0.663780852919444
0.590070377802476
0.25531578832306
0.543817493366078
0.256313035031781
0.848109646700323
0.25618508621119
0.607184128137305
0.807117885211483
0.159481511218473
0.567187279928476
0.912234925897792
0.344479633960873
0.157659015851095
0.207869818899781
0.100937584647909
0.682565182447433
0.573300419608131
0.961995086167008
0.429776909062639
0.0488392561674118
0.764815831091255
0.343455886235461
0.780408447608352
0.780666707316414
0.546720358775929
0.615851637208834
0.876237117918208
0.144433956593275
0.650154396658763
0.78763893712312
0.852299916325137
0.234539196128026
0.560767777031288
0.762125254608691
0.650995965581387
0.942444114480168
0.187528256792575
0.972125013824552
0.859312957385555
0.0232240916229784
0.879414197290316
0.154506832826883
0.65968286502175
0.419172774534672
0.603951304685324
0.0491492894943804
0.14571706042625
0.832119869068265
0.818774499231949
0.608043460175395
0.0421670025680214
0.586516632698476
0.770868018968031
0.896765672368929
0.778707292629406
0.984416676918045
0.187656761379912
0.154328289208934
0.11253381613642
0.107244685757905
0.49344324413687
0.671511481981725
0.336994850775227
0.875046319328249
0.908539683325216
0.366578849731013
0.189841917948797
0.959153622854501
0.0268671456724405
0.0999242248944938
0.338690605480224
0.508374604629353
0.639137107646093
0.359944759635255
0.697706337319687
0.645319330506027
0.698023590026423
0.168739984743297
0.405872921692207
0.7145366279874
0.771127518732101
0.311625596601516
0.332646270515397
0.799702994292602
0.953921382315457
0.943193336483091
0.428024472203106
0.740794061450288
0.906768029555678
0.45368012948893
0.330587999895215
0.0286426467355341
0.0251803076826036
0.24714703252539
0.822402140824124
0.534669557819143
0.544206808554009
0.961187118897215
0.949649476213381
0.499447078909725
0.0574168330058455
0.702318036463112
0.891911295475438
0.114322972716764
0.738942812895402
0.77046402846463
0.364266551332548
0.0146171674132347
0.98823798331432
0.903550929157063
0.0148876626044512
0.238394426181912
0.7988614840433
0.149100224720314
0.0197632669005543
0.226839165436104
0.153619667282328
0.283424097811803
0.340930226491764
0.260224394965917
0.259456529049203
0.649174596881494
0.536451185820624
0.382562204264104
0.209000180242583
0.655095014721155
0.200647736666724
0.824968667700887
0.54719455121085
0.502415662398562
0.157914678566158
0.93378657870926
0.0509928516112268
0.14938999991864
0.516381444875151
0.288444204255939
0.421430801972747
0.310234339209273
0.824924856424332
0.504970476264134
0.105824547354132
0.964879473671317
0.0711639411747456
0.40835572546348
0.224221184151247
0.276590230409056
0.235122494399548
0.223156173480675
0.0299535957165062
0.458238730207086
0.960650158114731
0.0530425519682467
0.183742925524712
0.61264349357225
0.259218705585226
0.898180549964309
0.831763865659013
0.912497137440369
0.255779125262052
0.501445530448109
0.98309930274263
0.695234451442957
0.897345271427184
0.885373949306086
0.877474481938407
0.220035310601816
0.60525298747234
0.23440679279156
0.973491702927276
0.864763278048486
0.0805874401703477
0.775811158586293
0.195229454897344
0.165921381441876
0.368608179269359
0.128921911586076
0.403805904323235
0.179778887191787
