value
169.537234540344
176.864699306817
179.139087493398
162.252013414798
180.522105589968
188.807817200383
161.025517154851
180.158453285313
144.809715122159
189.190207472961
157.943408734372
141.058615561583
178.271856107213
186.765724463984
179.576974526274
158.589418123146
171.528102387632
162.791836054183
187.84351443186
159.288969030927
162.64852936062
174.661151788374
165.579506531139
177.543593888652
172.993669923805
176.35664833057
139.400954144059
184.594495099401
163.896488796865
165.645936063707
174.518562488107
192.565056921369
168.07053150259
175.45100215465
169.563331592985
184.435614930509
166.625168516828
174.703163650729
194.888204090548
169.548551526834
162.149826497609
177.704927912734
180.247331113104
177.086132969449
150.104305919575
149.094661621636
166.148189121941
167.611844051753
149.692748817313
164.137506553975
166.657828980512
190.887996162213
138.001793300182
147.369654640363
165.390169438944
163.374876172632
146.189170874514
198.156013110648
174.128347612141
169.050596653077
189.67591787611
176.864699306817
190.260246111933
159.938456407122
156.6446382157
173.441636044379
208.828472974818
157.801898605979
168.008583656533
160.566743414611
169.869751515849
159.623091441005
169.398690497356
150.600332995115
180.374298397976
164.327210297741
184.667824468634
185.891851798949
183.039906476155
149.90686942488
171.803517444574
167.69866268415
181.047111622228
159.621012052404
164.544288856304
154.760438027223
156.205816726763
189.853455704806
154.245484472741
183.176710405281
153.877100228404
169.456208586855
179.617817441901
183.108369698991
176.754983557015
161.194716918741
191.601482715652
166.958305912338
157.316220862398
195.333620110548
123.475256263195
207.402949119226
182.883453754173
191.367095435006
144.385840948144
172.49754691725
129.617276174539
171.79407917622
186.615986811831
176.139311042699
189.248766247458
155.592024165526
185.218901039004
175.990721939765
186.818796083923
169.609387123504
113.733262856977
175.180879670332
178.26431816515
175.073276187249
167.351169671103
164.546077280144
186.488352657246
181.768460687275
161.678255883386
172.860382049857
184.720549584059
191.930839561522
196.158612841892
173.717693846996
179.922004416667
143.568815027514
166.625168516828
182.784003186666
192.008730756366
162.940269380928
173.515742941773
156.539878117733
173.883860027271
179.860603265801
138.315949080858
180.470035575195
164.535959655679
176.809403014075
182.988789257447
180.144315745829
180.13319233701
153.470440151464
146.449479302948
182.1908918243
151.261375830432
178.990595244397
175.804057679935
168.440809042596
152.748191998293
151.842850749858
159.693291791112
167.733477288405
170.521932263575
153.336157325285
176.577157420965
168.835879981347
158.221423897023
146.131420560862
172.764306307879
163.522223832253
170.205281869782
171.670998971734
163.755750677774
155.49922017738
151.687192813128
166.249196701822
140.969487451228
163.711609122879
183.305295952673
177.675406043895
173.016230068987
156.244601081355
154.826555277093
146.319102099196
157.811071823205
148.605204651842
179.910173555433
179.470613181348
164.636597631035
165.94958885473
189.978846174991
181.846082978958
173.278270015831
162.017215125461
175.289253315649
179.609081042733
174.319896376393
174.367181254679
170.119502212258
188.97171605713
166.532006084119
166.947429773758
152.667165321024
158.233151174745
169.223456997046
155.109668516002
154.496163915706
163.018721595997
183.796923099653
178.226836479987
161.160583762062
201.267110504629
176.036111102519
167.972230103763
184.542683374283
153.58919518379
135.971411979192
142.867628117652
188.240298157178
173.222358223334
177.322048144082
184.338275895923
175.335683954324
164.079008732478
131.739353993686
178.492741322205
174.658412018498
148.256058884078
174.099706913632
157.366648749488
174.518562488107
153.944446832073
176.557737378113
154.62772311443
169.438965583581
167.96265328218
154.838944558063
139.155060755418
166.682539402259
164.04449443744
182.771640850116
198.040916988218
160.172770728318
167.260708785326
165.218389762923
188.822589670485
183.5309063432
169.073901373094
188.007694525242
156.175998408274
187.210875893761
148.069945612827
196.482052831333
149.22011823313
197.7511583301
164.702222419742
155.919796970675
170.04126544837
184.069048175312
171.004755125725
202.093464756151
170.975042046759
176.523490398868
177.045448596508
164.745862280295
181.802448064619
162.39991802097
168.292400392274
136.352955843741
174.580733217089
185.464233214402
179.368137174173
168.449500403211
188.012196084478
181.958007504933
167.956027015468
175.673134864305
149.198776617224
167.101361491486
164.63013965869
163.35931539772
171.325222200857
171.332149073695
192.437645904089
176.203188175634
194.74274397426
189.248766247458
173.869518346637
168.714872848758
186.927241918823
163.740328782639
178.942109264454
181.511368284838
156.498643600749
163.64762732552
173.546864005063
162.483458893852
172.775720784048
159.447965474366
159.109648140963
189.67591787611
154.079957100207
199.526734718009
173.864761854788
173.546864005063
189.411682422422
150.44543334167
208.18221276507
175.368809893065
194.858765029305
156.769304064296
179.860965018912
154.20787088919
157.029089256318
180.483171574768
190.495260879421
172.092856814971
176.880372545686
188.602295890851
170.873272456334
148.889111721334
179.779976312506
164.70739330747
195.464392745535
129.875442402902
205.904972686867
182.4632392829
191.269706492644
184.626396938659
157.229756771183
171.996279650824
183.845091854053
179.811567965755
154.760438027223
169.802180675806
185.126574804902
161.614857814614
165.626803433868
166.489150118759
159.610275789495
154.446948937885
195.399144317472
179.139087493398
152.167864086719
145.164078647064
161.393850675959
190.540064257598
185.500465047023
158.743591481472
187.700583781181
184.178598929981
176.782983165831
167.637929101541
165.609957559004
154.786867593889
178.700785837621
196.625864399063
141.83146170864
154.081165021547
185.860233878689
175.382367341818
174.465118394109
157.288021366492
191.11051299344
166.757791856468
180.374298397976
182.284372768686
157.990235474082
177.087767173866
163.83240191408
182.327998392927
168.16587245625
162.886631177979
178.170631501119
155.909312492973
198.771988388927
182.565440374102
177.419910636432
181.518626059807
198.161770450328
185.06762496181
177.64466955434
147.238069141311
190.737521981477
166.800534030019
187.219571773042
186.443035649906
179.824010724414
179.483824210754
130.003104135829
194.767157184061
171.379808908049
162.569740486724
168.915215847959
168.91097867631
165.693824306789
118.836122757047
157.783147341647
165.37319275311
172.189065974163
166.160224892224
184.040322808557
158.04343078798
168.860589362924
158.760986397802
181.927195560478
156.465443981032
153.20170881684
172.275079161637
177.471188805873
166.880405279574
198.705616875222
197.990103881888
147.507883529273
178.200320360221
171.613672264716
167.066867040017
160.240514317363
131.294132146171
180.650394266835
183.596122542315
166.890858858018
169.126726540901
168.008583656533
161.826590229254
160.850543263759
181.284177080951
185.168559417839
165.794484480055
185.7050017374
196.13771509098
157.513853177067
164.858596694753
146.123956645341
196.083523770779
152.434287369394
166.109975104634
158.133273217552
193.549467348899
161.978994167384
191.760269201981
150.713054034689
170.326961572399
165.991748211225
178.546492078538
156.893626136409
155.765706518479
127.260233413737
156.871055594777
158.461299936203
190.857084904961
158.050672392844
196.314765238803
160.617052549316
156.628027418884
176.919663981483
176.135168665975
160.119031197718
186.38204489591
190.180514865679
181.689276946136
198.281082530045
186.687887604763
155.707441359288
168.179780777707
181.660050448856
156.341145084407
183.605621609121
192.438985117249
167.190212698762
156.734130734247
155.121099352808
173.774653530073
182.284372768686
147.587852767633
171.114032015534
154.877316779223
185.860233878689
159.953381258521
165.303178950454
165.221618848566
194.751297992904
164.4665484168
181.251871310432
169.511467542982
173.325236297253
140.969487451228
181.995795161526
185.709809165559
153.693018909821
184.106761791427
134.852728014111
152.941361132034
174.283515756034
168.559825660405
169.456208586855
137.541372049236
166.271804055759
165.814759194729
183.796923099653
142.44772503714
155.97970035488
175.140650681288
171.738041909507
