value
165.492619323095
182.785597456821
148.504133978232
170.754863247982
144.396497802226
171.332689411499
164.946696309775
168.16820699906
149.686628878819
174.550351797916
160.111235246788
161.576906155608
179.139087493398
174.003456102513
208.938705056649
159.353001487773
186.214120428326
168.846173692548
139.231890548956
145.496806226596
176.053230664132
172.612370692542
172.863223424602
188.870898393804
168.846931259659
203.283676540431
158.022243869933
173.739158148503
175.087342431408
167.242657479949
169.548841416126
155.389392221867
162.38103267299
154.838942240521
192.060308250005
163.538735814872
200.638759365131
179.863858009293
180.29014197196
164.81493323251
197.824455156286
161.808517239396
174.170911176538
182.579512433439
157.944262072824
182.524158625796
182.367463146484
172.113043821007
189.839730320492
172.447404156466
170.069679786018
204.058910525787
152.263924191899
183.241495763557
165.266908588234
165.935649766659
189.6646113254
163.916774827326
182.412121662031
166.041370687554
192.197368437627
193.110764894639
157.238262566157
183.228361611547
164.167118481259
215.284164841867
160.256897068253
169.760203678722
176.15247702193
170.862259971976
191.427052780831
167.472061010985
182.785597456821
189.463925866706
132.050893242123
161.928481502565
150.285982220548
154.762718564558
198.734563438465
156.731967865147
158.156779088929
160.486968601693
196.892505506167
145.954578682442
154.378713965222
162.004612342276
168.470540832796
180.052597658818
183.796923099653
181.289980377668
144.699008985573
156.357295099469
164.81493323251
161.835160878617
161.965904099794
179.268846225575
185.165801925391
170.698610355204
192.611629840803
129.246064709418
175.74413765624
145.116571489775
179.906718001993
162.082358333215
165.191535971412
162.365462476774
189.450527242716
180.003992498395
168.561568878107
179.578517103848
182.043610580616
193.886398373519
188.822589670485
202.293024302597
148.214790692038
191.559165230826
163.115765881145
154.206085379105
177.996504275906
159.576426136466
186.367415752675
165.99313641559
160.435940235848
180.422003988365
162.751957810447
194.17069726146
151.687192813128
167.865718736759
147.172535362906
153.748130950992
199.971628755593
184.270519896776
179.033481884841
155.538387029278
149.177836479459
172.679224233355
178.960217404708
203.661589839805
201.072032464536
193.401070115716
178.170152758204
198.281082530045
185.447106477557
182.69101958407
188.324178060769
167.242625274916
165.956766793886
161.596101908244
201.74587657992
165.300125508628
186.367415752675
180.194053789346
169.308739595317
181.918116544558
157.096177845621
166.655804122002
172.29608694987
161.160583762062
148.783772990806
189.76465336646
153.20170881684
175.569508123129
181.838873687371
188.926448853665
157.990235474082
161.787181217817
150.310085536507
181.195117936573
189.286643088178
154.883538260816
181.454573909685
179.771123656807
163.096124659877
164.306657719834
165.944031475978
167.600895844101
162.741747307161
137.77843800904
201.916805237361
165.359174802284
167.352602011048
183.06647482264
159.963128114796
180.518990088827
133.488808136883
166.784492344044
180.51307090406
185.688873721524
166.594603737726
190.329103203885
177.972523257711
177.010597563183
139.8942682821
195.333620110548
187.301882468502
148.372321972272
155.538387029278
158.850208401016
193.539732575249
149.50064410876
148.372321972272
168.756083738462
157.858491371452
131.294132146171
167.986189560707
158.168480020838
168.05957017793
171.616157995334
187.002171538209
165.459333750704
172.932577023032
170.421383895831
156.576784671852
160.058327201967
179.742271163864
170.448016785291
173.000917112386
167.352602011048
209.926739913447
197.45668978331
161.222983397276
177.850467426148
163.357041263285
159.46485223875
165.680140545893
159.519676433563
200.412606953714
116.998636646336
178.59352125313
159.496925575068
166.616925317962
188.68523351862
182.022901420525
152.308652071934
176.122673248611
175.270919798333
156.897368207954
162.927607331143
164.071761687136
174.147551905526
154.092552835926
194.931597480727
159.940679200687
169.188244029835
171.017514725745
180.569016114193
151.509516332586
182.25330861776
195.644086783018
192.730119967737
163.050186442574
164.453401431546
154.877316779223
164.267581956616
191.223653682147
181.494260278581
157.951030784612
142.445493528287
148.852540597475
159.371914645816
184.872433143391
170.757245596443
195.333620110548
168.737160080832
179.115045843334
184.868739796657
134.927196848881
184.841163464524
176.6060075697
165.685183998952
185.985890123407
174.166296466259
144.370390909995
188.715267220305
164.071761687136
163.291141538254
170.049767219648
169.25891713064
177.894098570502
178.543485773807
171.702998831351
190.44063895468
188.099601411055
156.805296734439
178.563639016151
154.883538260816
147.389574047005
181.284177080951
174.94605512602
182.477568329092
177.862742248489
177.323994394606
184.526477054879
170.146840491472
174.98253526739
176.05214149866
148.189272595918
194.075869751761
198.902311340215
185.972883970866
188.717650151717
189.047621088923
167.367596265243
175.439595763384
195.007097532033
163.766102849398
172.032994589282
174.642083897003
172.237601433251
171.867239306111
162.886331448094
183.783535040891
191.377425192177
165.435014255645
171.047769804566
177.467442930787
177.509126698495
180.402419403848
147.487077932298
192.573731693578
177.086132969449
158.616847375046
181.352627424941
207.477894805948
179.624504397609
168.386401292933
184.197092734174
172.150045140888
171.212037806654
142.84610409045
202.814574708729
158.311437097321
186.486392646221
147.837439925564
155.765706518479
188.1291172035
163.066914137844
159.932605929155
186.19319175069
185.748806255433
198.053361622047
163.462406601618
185.666117612899
181.110224019731
162.981192242296
190.560207327878
195.294290987233
164.660927143429
158.616847375046
174.445376661599
193.701775370292
181.761258989291
127.549491241655
152.425645328521
175.024449608971
162.022981368076
165.11279823848
156.824427167894
150.107737103014
184.338275895923
189.498214316634
178.092193444035
197.650531318415
161.77438276391
180.461536473649
171.567585717601
133.075206111458
173.063987285357
159.822347569706
157.547981867098
176.752575449422
173.036960330846
159.831789626314
184.218277156018
164.079008732478
186.413329751333
161.280613474552
188.135565780035
167.139061372335
161.028033963092
168.604597171914
164.313034511314
187.117132760817
177.287656634983
160.031680959878
177.312527894363
171.185161868396
184.159698105172
168.610647575116
162.101775046963
191.68346042793
164.619462354079
139.693499491751
158.203960792367
160.974219823215
150.566458783106
179.61301319668
186.16861582113
180.251052355008
180.62564580853
172.759318894762
152.83509660544
173.104494760727
161.236319978502
201.148144519262
160.722083096284
165.970385357606
191.050310117177
193.549467348899
150.696396924492
167.685373360087
181.702454046302
156.862316181742
198.844077345172
169.207420063896
185.286520372201
149.745617529001
177.664951812086
181.97975947153
169.869142551708
150.751850821079
174.580733217089
163.740328782639
190.994005015643
162.514779148665
181.332540578799
186.597913346807
162.976174982275
172.291176696031
146.933471216407
141.943747868172
184.097621648613
178.748320031373
175.171688681223
163.18836185217
162.981192242296
175.824386655358
164.902085433312
173.491534007776
127.892335218175
176.190489164891
176.519353232198
170.164720172357
147.708640266589
172.490150388795
149.444282707238
137.53279417162
198.508850343616
173.333337444226
172.822204512107
203.503373011484
169.011244259629
174.774940308254
131.799506759046
158.008269562187
179.438529790796
183.336897373089
147.238069141311
185.201778026615
172.890827433258
174.923187539886
175.270919798333
169.318474936033
190.500815153491
164.499912059631
155.199713067095
183.351340247399
206.768242146432
178.24646679579
186.472739069969
158.247611722
172.263353327822
172.424006678367
141.599819876711
148.993436122577
154.452458184466
183.277788168845
156.87853026923
164.946696309775
191.792603592162
163.871626141835
125.940795709746
159.348959202703
151.642007380211
152.411431945676
150.607427016387
162.19474242957
189.668919973455
188.834813239926
167.448527953503
177.48596187734
185.168559417839
176.608760124193
176.942839811134
162.60231327283
153.169949388238
199.137321449912
171.59977707696
176.312641266243
161.451266848452
