value
0.498069223482162
0.911328334361315
0.520320804556832
0.312881322344765
0.906798490090296
0.273954095784575
0.364003170048818
0.574083892628551
0.474815847119316
0.520500413374975
0.486542504047975
0.131639080587775
0.368608179269359
0.598719157511368
0.3609066484496
0.122155383462086
0.130824903957546
0.14218426309526
0.725672794971615
0.0704371987376362
0.528227924834937
0.859994747443125
0.0390058585908264
0.420609686756507
0.520500413374975
0.899052640423179
0.675445535685867
0.864744754740968
0.587182538583875
0.847075494937599
0.682568531949073
0.602293114177883
0.552723805885762
0.719620924908668
0.667620525928214
0.23574803234078
0.687086217338219
0.910750493407249
0.804950445191935
0.306685577845201
0.759560174541548
0.81490647001192
0.266550435684621
0.0599286598153412
0.757423399481922
0.577490354655311
0.521381002385169
0.9425357314758
0.688493964029476
0.668153952807188
0.766928042750806
0.726775740506127
0.174861738225445
0.55267621553503
0.268038923153654
0.0215949502307922
0.957333645783365
0.938255070475861
0.504721325589344
0.0842476054094732
0.0648249743971974
0.964144860161468
0.558635636465624
0.314874670002609
0.747366476804018
0.900927233044058
0.500830528559163
0.92271610442549
0.874088919255883
0.959642508998513
0.0097788623534143
0.137146601453424
0.395960392197594
0.299128523794934
0.957942319568247
0.684767537051812
0.216736596077681
0.564471039455384
0.809833124978468
0.967147790128365
0.65968286502175
0.94658710481599
0.0619300263933837
0.321135574486107
0.479323915671557
0.268521551042795
0.135069305775687
0.643686453113332
0.45286062033847
0.559216788271442
0.136911902343854
0.0336383765097708
0.586922452785075
0.503743587061763
0.863020604476333
0.179666084004566
0.420216555939987
0.819488140521571
0.0672372065018862
0.494492819067091
0.213314794236794
0.141463133040816
0.881621501175687
0.804241285892203
0.565945626003668
0.860588364070281
0.911660995567217
0.129449534928426
0.922314710449427
0.125630609691143
0.454574588919058
0.83232033951208
0.345882487250492
0.840286812046543
0.859355750260875
0.109438073588535
0.0086576440371573
0.188024374190718
0.554371735779569
0.467305064899847
0.832940370310098
0.575441426364705
0.569041279610246
0.502472737105563
0.0651908032596111
0.726149466121569
0.853185683023185
0.677469204179943
0.992026127874851
0.652018188731745
0.316222454654053
0.720327369635925
0.213971150340512
0.0752436022739857
0.156773085705936
0.0177159276790917
0.943904427578673
0.956244884291664
0.630977025954053
0.9425357314758
0.108983435668051
0.333441301016137
0.945616206154227
0.415167424129322
0.221238479716703
0.965354420943186
0.0412113605998456
0.488457196159288
0.139386624563485
0.412782353581861
0.789022684330121
0.0572209458332509
0.718714026734233
0.90786317596212
0.0553900522645563
0.55037659779191
0.641780544538051
0.4200320080854
0.884080355288461
0.793620391516015
0.929489274742082
0.749573512235656
0.963108188239858
0.294555256608874
0.172090568114072
0.609317232621834
0.787132499972358
0.36418422870338
0.478910312056541
0.335028246277943
0.439523186068982
0.0627791292499751
0.69125369656831
0.411467419471592
0.0651908032596111
0.646325115812942
0.657273437362164
0.338030359242111
0.506197296315804
0.406086052767932
0.552050953032449
0.665610236814246
0.867893320973963
0.0131924094166607
0.14218426309526
0.626785380300134
0.310225630179048
0.0624874315690249
0.152036771411076
0.0402921065688133
0.67161660338752
0.941780728753656
0.433757827151567
0.992026127874851
0.727928254520521
0.579210815485567
0.924111199332401
0.19492106558755
0.188980321399868
0.90608791122213
0.598527272697538
0.924145341385156
0.103929954580963
0.318337217206135
0.366441717604175
0.707681762520224
0.41537745273672
0.125298204831779
0.948560452321544
0.614854052662849
0.0204617460258305
0.192654149141163
0.341927803819999
0.179313550936058
0.472974240547046
0.739310943055898
0.274055660469458
0.107748095877469
0.871941431425512
0.344322600401938
0.803157359594479
0.785260472213849
0.598216220503673
0.804241285892203
0.944607563549653
0.0718570293392986
0.71227699960582
0.941891199909151
0.1774893081747
0.35934843076393
0.0378370662219822
0.484725087881088
0.626850105589256
0.548459670739248
0.147047975100577
0.192592115839943
0.454456007340923
0.449032563250512
0.288052077172324
0.718728131381795
0.48296703887172
0.535460059298202
0.658818980213255
0.717804470798001
0.750081022037193
0.521966098574921
0.851115417899564
0.868202448822558
0.69248322211206
0.569453412899747
0.110275490442291
0.485819736262783
0.143293257337064
0.700098697561771
0.967348212143406
0.427715067286044
0.678236319683492
0.943885444663465
0.556154733989388
0.0359639453236014
0.785245028557256
0.934831915190443
0.00247190613299608
0.323183773551136
0.881191657623276
0.844963144510984
0.238677614601329
0.453102586092427
0.803157359594479
0.0192119525745511
0.739634632831439
0.898701229598373
0.0349432623479515
0.243578701978549
0.214354392141104
0.351168946363032
0.624064755160362
0.0637521436437964
0.941780728753656
0.189775689505041
0.0839370405301452
0.987304596696049
0.0855171037837863
0.614983366103843
0.429243654711172
0.794857503147796
0.124755803495646
0.438820461276919
0.689606009982526
0.561555317370221
0.799524659058079
0.00405385554768145
0.879621916217729
0.212330798152834
0.786320528713986
0.740111774764955
0.0805874401703477
0.538513778243214
0.667688213754445
0.16005704854615
0.401094125118107
0.0488392561674118
0.344856353476644
0.320656421594322
0.558880452299491
0.188916096929461
0.0882496447302401
0.573211062699556
0.0341919269412756
0.24003601516597
0.10165699548088
0.200178015045822
0.509725432144478
0.234293570742011
0.185664559481665
0.334370937664062
0.937654618406668
0.521746033802629
0.307300620479509
0.878103335620835
0.359334631124511
0.165469059254974
0.0839370405301452
0.801236738916487
0.820236286846921
0.512044060975313
0.797686283942312
0.743264959193766
0.306817548815161
0.401761111570522
0.748656605836004
0.0669282840099186
0.326426122104749
0.926584892440587
0.0193843301385641
0.701369784772396
0.758519845083356
0.664504915475845
0.313953438540921
0.714765343582258
0.244767877971753
0.801236738916487
0.107086465228349
0.0473310409579426
0.59281312697567
0.379039890831336
0.441175660351291
0.859164579305798
0.323065561242402
0.569604213349521
0.458872160641477
0.318051155190915
0.621079128002748
0.0311247042845935
0.631046826485544
0.992738100001588
0.268050011014566
0.700871956069022
0.844963144510984
0.71759939333424
0.897345271427184
0.707137403544039
0.624054952291772
0.929024406243116
0.278777792584151
0.425614635692909
0.180277281906456
0.506197296315804
0.565885368036106
0.497646024916321
0.300815397873521
0.263720241375268
0.180141475517303
0.200025107245892
0.264859553426504
0.485438002971932
0.669857216533273
0.296295408857986
0.976305131800473
0.67047026893124
0.412483979482204
0.73251174017787
0.242647192440927
0.992538639577106
0.387375903548673
0.727383498335257
0.319735469762236
0.0896309621166438
0.938246344216168
0.36052179406397
0.407639009878039
0.75292177638039
0.240456114988774
0.536408141255379
0.816976539092138
0.583367794752121
0.599730025744066
0.398936173412949
0.870824631070718
0.87337139993906
0.827279310906306
0.729803609661758
0.397256990429014
0.718832929152995
0.92699460638687
0.54474357329309
0.549004880944267
0.495368481148034
0.617534318240359
0.126134236808866
0.463804291095585
0.355801539029926
0.754072460578755
0.674271115334705
0.599890612531453
0.00744414911605418
0.881226051133126
0.357484773499891
0.741831056540832
0.0956209183204919
0.849014647770673
0.61496025766246
0.103411759948358
0.187664538621902
0.348439358873293
0.113225042819977
0.580665238434449
0.122257737908512
0.995803834171966
0.420587210683152
0.0565403590444475
0.255036106798798
0.528189099859446
0.185409372206777
0.26937786443159
0.0365221127867699
0.894727931823581
0.311794403009117
0.449909271905199
0.348548629553989
0.961143485503271
0.997620500391349
0.533234102651477
0.320402640383691
0.355077396146953
0.171382015105337
0.837940538069233
0.182411711663008
0.481908473884687
0.229243964655325
0.949531575432047
0.236089480109513
0.740543113322929
0.583717002533376
0.117017310345545
0.857301587006077
0.850341826677322
0.563553481129929
0.0347644328139722
0.58871693816036
0.335202536312863
0.0679355799220502
0.895682694623247
0.61096780654043
0.404785616323352
0.0480324078816921
0.997362857451662
0.136007451452315
0.128059224924073
0.587751022772864
0.374354289844632
0.177337100030854
0.862955129472539
0.347198814619333
0.473324661143124
0.0540674158837646
0.49344324413687
0.785015493631363
0.0557749501895159
0.556154733989388
0.255941326497123
0.883194653317332
0.37115097627975
0.558538610814139
0.955729448469356
0.130710303084925
0.226308345096186
0.33192645246163
0.997990474803373
0.97500526974909
0.870385212823749
0.273598870495334
0.403138960245997
0.0405497536994517
0.0920194839127362
0.789633074076846
0.082428595982492
0.777746402192861
0.322392928646877
0.550331803737208
0.430428528925404
0.224470367189497
0.219559466233477
0.705896063707769
0.0425802380777895
0.172656670212746
0.112676317803562
0.994111962849274
0.574112583883107
0.495604830328375
0.160190013004467
0.58991110115312
0.0144707933068275
0.47852874849923
0.737858436768875
0.475992822553962
0.32863673614338
0.612483999691904
0.560471111675724
0.71864544483833
0.619359943782911
0.853203635895625
0.272757010301575
0.551270760595798
0.620128734270111
0.590146197471768
0.275659347651526
0.19463658425957
0.470662555191666
0.6410911323037
0.233776587527245
0.154566450277343
0.820564778754488
0.524396875174716
0.102224798174575
0.267355752410367
0.929158760933205
0.878753139171749
0.0151691362261772
0.63451677095145
0.45525455661118
0.207602751674131
0.865608911262825
0.260224394965917
0.364843199728057
0.523237931542099
0.479323915671557
0.232791848946363
0.128941604169086
0.943193336483091
0.590583489974961
0.437165799085051
0.948206858942285
0.15445404779166
0.138128605904058
0.337477465393022
0.637925127055496
0.196700850501657
0.19492106558755
0.59388704970479
0.804524386068806
0.540740788681433
0.950545300496742
0.0617547773290426
0.328381591243669
0.527554387459531
0.696635372703895
0.165195325156674
0.732250085799024
0.20993976178579
0.0955930985510349
0.254277634201571
0.911812827922404
0.0322772848885506
0.8445564142894
0.742050578119233
0.885731980903074
0.32044196408242
0.512466351268813
0.949257223401219
0.356991183478385
0.471929311752319
0.878340937430039
0.216439534677193
0.550721069565043
0.484397139400244
0.0803108308464289
0.263098003575578
0.842695367988199
0.595439248019829
0.666445514652878
0.880229774396867
0.950871068285778
0.631321605993435
0.602711859624833
0.0166982403025031
0.391429072013125
0.0786182240117341
0.694384144851938
0.701938391895965
0.147727898322046
0.329886480700225
0.321135574486107
0.569344595540315
0.48030317411758
0.558710049837828
0.818077696952969
0.715666987933218
0.992907143197954
0.538944010389969
0.668612486915663
0.519165424397215
0.147999044042081
0.938597330357879
0.781924904324114
0.95147389662452
0.750081022037193
0.191764880903065
0.533822417724878
0.7988614840433
0.864915358601138
0.104686075123027
0.180015729973093
0.538918748730794
0.283979937667027
0.28332449006848
0.00419122353196144
0.343513078987598
0.447927663568407
0.703170682070777
0.397073631407693
0.81569162174128
0.771370033966377
0.75467693945393
0.74858285440132
0.590583489974961
0.401154353516176
0.267857713624835
0.85731815174222
0.162998104467988
0.508998801233247
0.259739637142047
0.21243360452354
0.00333171943202615
0.182034651283175
0.513117894064635
0.593917901627719
0.0829305977094918
0.297765631228685
0.343935498502105
0.608265563612804
0.33504891092889
0.298922430723906
0.609055949840695
0.123995013767853
0.121510485652834
0.925318351713941
0.658986808499321
0.938493454828858
0.797759773442522
0.0495481754187495
0.100152653874829
0.359944759635255
0.926827570889145
0.118741276441142
0.0574168330058455
0.959153622854501
0.596511399606243
0.503775541903451
0.922628529137
0.241684924811125
0.724542968673632
0.756356427446008
0.593071644892916
0.709665822098032
0.796250471146777
0.969983112998307
0.791381159098819
0.379050520481542
0.484427627874538
0.0667681552004069
0.982053558342159
0.816460462054238
0.0407382380217314
0.987552982522175
0.234069465426728
0.756451352033764
0.94275409122929
0.324153725989163
0.564471039455384
0.0916938602458686
0.639323419891298
0.565945626003668
0.316661049611866
0.335996952606365
0.644117493182421
0.992709019221365
0.339639204321429
0.241236654808745
0.590583489974961
0.189678238239139
0.0163804607000202
0.609238028060645
0.266036575427279
0.318337217206135
0.69125369656831
0.28480510902591
0.658024742733687
0.74402765580453
0.725685035577044
0.00608460605144501
0.558689014986157
0.851679551880807
0.118741276441142
0.309513255022466
0.642896150937304
0.505527009256184
0.937672883737832
0.8196341607254
0.00722546689212322
0.123712718952447
0.420418244320899
0.0209181618411094
0.588162462227046
0.996044425526634
0.148193633183837
0.966655668336898
0.823857507202774
0.637441654456779
0.602759769419208
0.864868599688634
0.668314300943166
0.611931656952947
0.612207621568814
0.931297906907275
0.569412651937455
0.0690800403244793
0.278252606047317
0.104686075123027
0.926827570889145
0.879416552139446
0.668929319363087
0.0615482951980084
0.812905609607697
0.601465046871454
0.410282489145175
0.242125646676868
0.00733643025159836
0.240396045846865
0.194055452011526
