value
173.232771147189
179.70717902505
176.465867759606
151.102097485285
188.192986289652
192.060308250005
155.976625644586
155.494618543676
176.577157420965
173.229026040074
171.526770673465
179.703084737901
177.440197398118
160.879191073781
173.996753095327
124.588164193504
153.490123262521
185.972883970866
182.09255867715
172.362639646902
183.297667934139
159.618944062991
170.551059574034
166.109975104634
157.032026792964
180.569016114193
150.607427016387
204.169410802752
163.178222559714
151.477789989337
158.852949935507
187.727560359642
175.630646737682
146.535201370754
161.834964141698
182.767892636081
162.10467125052
174.891908473842
154.878335666715
154.332588197039
185.891783932773
180.406750345803
162.33780312194
167.999249829356
171.691763997111
175.762083205261
164.660927143429
151.842850749858
167.144742085675
152.244112051843
176.369229881798
185.845314074929
172.207802119296
184.043388568974
169.592811948115
200.504360540997
161.491549743328
149.22011823313
153.212815428789
203.759027042369
178.222856617298
202.485778276021
177.373562035174
165.288813197017
179.229770352048
183.204801462665
183.374301137889
171.501175152105
198.859749013303
161.136108622072
159.003758010794
175.556893751612
143.712106000867
184.471226646894
172.714946515583
170.010927801621
189.61466584522
162.483520882216
191.050310117177
157.882347358172
171.084270867978
134.969433296549
200.824660163241
180.163609265196
164.112227527219
179.620829508207
193.8876313925
163.048671056689
170.267557560977
218.729862532337
188.135565780035
159.784129237851
198.080747971378
141.393297712301
163.611843433345
154.942751741907
149.533002748993
158.378675470264
190.887996162213
169.291213598967
164.050198254283
162.633834817628
178.092193444035
195.575867422602
194.639489511774
140.389925923633
165.728765814438
201.553029190494
204.321583382293
173.795344503496
177.152504653023
172.261691827728
196.129457272247
171.996279650824
166.187401535053
178.865366240784
144.90199517805
157.059201941817
213.689219945551
174.951140112153
155.538387029278
151.336291163837
147.665124088645
178.454247436801
167.25689407051
163.859395862678
156.525211522118
183.396540951281
191.372348375488
176.026367329444
150.095894257279
159.175224172768
157.951030784612
184.884217969611
193.452931667346
192.835722841148
152.361403258922
153.5495576993
178.654998659355
169.156655379033
158.849622817408
162.522233130711
187.470705756907
147.424420415025
162.575115957046
191.227044148083
173.10435385344
155.666341073006
148.507966558902
167.371953266763
174.278628267752
141.563199592062
179.7611068977
166.896972673676
166.221311931339
158.003402856063
150.184308085398
163.329869080747
174.596937221879
166.271804055759
164.511441158425
161.874854321352
136.440929464125
174.027232188714
166.525263260146
178.453157217168
153.704963010093
154.039700411112
197.057847244573
170.321825279954
153.811540136832
174.464445422648
171.567585717601
171.008958662059
149.718126311399
179.617817441901
162.561407933864
164.240523443968
181.251871310432
185.028220345915
178.743573467901
164.284316537191
170.249130135936
129.723370395853
174.275705996069
179.66405030407
178.848577916633
174.445376661599
171.26460685566
194.978767312025
160.386102185482
145.877998683464
169.746651174925
173.81347649261
170.345768315665
165.879943884804
149.327441429599
159.582905033997
195.786665963932
155.264660301333
178.935050815664
145.405983846519
182.659593077402
182.399928083508
210.976968743681
173.326050177486
186.32307337336
166.534154809758
168.438327006881
166.039892126208
183.722781668246
169.85648522814
170.349686342208
149.159154262294
175.007361729744
152.073673913528
161.060591089505
172.631069828995
185.923089471638
155.39914398741
156.104714249028
154.422035267083
204.292177837415
129.024888304468
179.73972417248
141.817457136233
185.401150086685
163.223387129587
196.334048157329
199.466155292704
172.732282114758
186.531073046422
168.301144205121
170.215464752967
136.559205579104
168.704705853288
175.705765651664
184.350140008957
173.90577196353
130.184798504858
175.586220249982
182.140304617236
130.886888828714
147.916144221694
175.81777161467
173.233398960875
204.841347452727
166.193745982617
176.789018588109
162.77149317502
150.080059666811
189.839730320492
174.122658305381
175.305088050253
192.95938126943
167.856925964481
189.098384588743
183.262130627068
170.04126544837
159.993040103187
142.475427396331
184.279080003296
161.004641572174
220.818629756784
161.881258589072
142.481398439632
178.525481158925
167.181804276599
165.579506531139
168.361007472515
157.208413228715
139.900258144045
179.529352169614
188.608850353268
160.416268345739
164.229500628997
174.275705996069
146.240150119903
137.77843800904
169.937296536215
172.98479478828
177.619835945244
175.26561764083
142.475427396331
174.258312556331
186.9336835611
172.933273789818
153.757296868132
127.549491241655
138.939979133128
173.111026905612
186.023384968801
188.153359771831
155.621198157443
129.008333061375
183.639376136284
181.374241345883
160.733066611346
152.343311441025
172.751534020573
164.696257770935
160.976889381261
185.500465047023
151.459200891458
148.157917096647
184.068149589566
147.923276683312
171.8432467286
124.267075894771
186.626464026768
183.750810509786
165.985040359236
155.765914429781
168.717910240142
138.405301584285
182.744025363636
169.448778624713
121.210241094673
168.16820699906
168.259135706953
154.428100454774
179.870153487183
176.119079557377
166.166740530243
188.007694525242
136.097024405364
190.06891451196
174.703186673427
175.183263101027
153.424554581284
167.59385970686
197.990103881888
167.906293547797
165.626803433868
150.865770879046
143.735802253571
162.480739213095
169.789947308116
138.767217647916
166.148189121941
180.243752257891
203.069205442065
159.321147687138
149.78550480557
189.425300823433
168.086491241952
195.766100767493
160.899209568841
152.464550874378
176.85309037405
176.190489164891
158.529452471411
164.398087949371
191.807976274516
149.690922809865
161.263318959227
142.974542609226
173.882162904904
176.919345696867
141.115645920588
153.596258739342
136.899588877922
174.570156639922
165.309693486833
185.079207645716
168.717164166205
172.684578981303
154.343341734793
198.119793239731
175.370605894766
164.728028764032
168.283168848055
175.304002160685
184.676209486553
190.197787965845
181.922659727222
195.444506472332
171.215379671147
149.14617569818
194.656681706292
141.883931378829
163.707084281136
148.211756449616
142.475427396331
158.511507836677
178.652385067811
169.03537317629
169.188244029835
138.187353381237
153.43360596556
141.115645920588
180.988828702916
168.561568878107
165.94958885473
173.9466275953
182.181900859182
185.685451898786
143.099385500415
158.695576010411
140.989246960491
172.088609926528
167.438567480233
214.867165478221
164.884624800412
147.493926677296
139.582418382964
181.321657415393
145.919787969447
155.000553377592
167.484550736418
187.552081206736
193.92791835317
160.521901451662
130.98502566555
185.675050706114
191.084346435066
140.874468792599
177.793140589952
182.163197098613
163.178156823241
139.513420318193
150.539407216579
154.321318148304
163.689849254702
151.923410816258
171.809923806732
146.145542705909
192.895270432431
173.785861152746
160.192435378674
146.377639052986
162.678008460593
153.285455028213
166.616384385079
151.902234120138
173.635986734434
161.498049548818
168.386401292933
158.417453971814
160.109932427789
165.288813197017
175.988037336397
174.984043944694
207.791685333466
197.650531318415
174.772038214359
166.249196701822
160.105912958616
164.281588235251
191.144309258697
177.794569320177
154.379013235144
159.012496746027
158.809034476609
154.321318148304
182.223072168877
169.739054162455
156.104714249028
206.480810733671
175.335683954324
173.410667365175
152.941361132034
173.818123276023
166.21120511236
186.818796083923
141.072284350429
148.796581083087
182.559293075187
150.278536429492
192.046029560636
151.215518182423
169.483840850287
180.90488357341
180.417262311506
172.168309851759
170.925127205988
181.90735312305
166.041370687554
148.050219664163
180.433524073099
176.481697084511
177.165090643748
177.357867315592
159.770504804045
188.813007596912
138.717377546198
152.982082682507
158.311437097321
158.016123800178
154.675477297504
167.972230103763
202.485778276021
164.197893389718
175.115321518224
162.763311556198
154.942751741907
182.870357358738
189.023561266465
182.791905570527
158.528251724491
