value
0.855928397504613
0.192810308653861
0.104267644230276
0.106468346668407
0.7832198406104
0.636959807248786
0.889232518384233
0.850655090529472
0.0428923245053738
0.406952773453668
0.344322600401938
0.780432783765718
0.588016870198771
0.694640097441152
0.724826949182898
0.551576616009697
0.601445946609601
0.608393349219114
0.762063669040799
0.132236581994221
0.0192180459853262
0.374690203694627
0.504975414136425
0.307997168507427
0.260198675794527
0.963027458870783
0.670077141141519
0.576328288530931
0.984695180086419
0.624996687751263
0.52475000731647
0.917772334069014
0.203188868938014
0.522197096142918
0.785260472213849
0.846706154057756
0.375838655047119
0.190664754016325
0.723540636943653
0.586259294766933
0.942785369930789
0.927060436224565
0.743389072827995
0.14961700187996
0.724542968673632
0.948970263591036
0.649787164991722
0.5532420235686
0.338710428914055
0.548022226197645
0.810595445800573
0.649340337375179
0.119512250879779
0.627174591179937
0.22332372656092
0.031782251317054
0.903695158893242
0.718720821430907
0.649441342335194
0.687254849821329
0.494983284268528
0.495606026146561
0.599974659271538
0.604930535657331
0.646576253231615
0.553605212830007
0.934893048834056
0.991862844675779
0.326880808919668
0.382192550459877
0.856701894896105
0.0968874169047922
0.665854712249711
0.330994683783501
0.321280491771176
0.588150219060481
0.50527052488178
0.903655239380896
0.498849338851869
0.377539925975725
0.569119856925681
0.967782817780972
0.548345948103815
0.565564160002396
0.680183358257636
0.508510638261214
0.569604213349521
0.363997246371582
0.787275545997545
0.651208969764411
0.990422587143257
0.0728321871720254
0.723856996744871
0.00804399535991251
0.238543095998466
0.205486107850447
0.385977673809975
0.793141544563696
0.62860804842785
0.123529248405248
0.608393349219114
0.839360728161409
0.742609844310209
0.135340037522838
0.359175187302753
0.362951167859137
0.0259216090198606
0.532400136813521
0.00388635881245136
0.667219360126182
0.0133389504626393
0.741484994534403
0.364985469961539
0.291584176709875
0.492992063285783
0.69797739922069
0.0503790397197008
0.769754920387641
0.292675078846514
0.441496087238193
0.105824547354132
0.378082718700171
0.806731335818768
0.625685535836965
0.0843227847944945
0.648003111826256
0.300293590407819
0.308154484257102
0.58545605535619
0.175120301079005
0.999386755051091
0.944497282151133
0.104389506392181
0.857830602675676
0.997329999692738
0.0065851213876158
0.191764880903065
0.560767777031288
0.0540271669160575
0.0956237060017884
0.245925371069461
0.0461942064575851
0.7988614840433
0.0184700558893383
0.703858967404813
0.190296341665089
0.0533716604113579
0.188237668946385
0.0131924094166607
0.68202294758521
0.624295735033229
0.310013984329998
0.91914121597074
0.169966502347961
0.806367999408394
0.581012230133638
0.268787193112075
0.936592600075528
0.880000922130421
0.138264143373817
0.178389380685985
0.482990329153836
0.829283511266112
0.212330798152834
0.539042939199135
0.477254955098033
0.835280480328947
0.258822682546452
0.906447952846065
0.784718917915598
0.744584459112957
0.836164980195463
0.714219019282609
0.924483069917187
0.913112032227218
0.729803609661758
0.25097464188002
0.531457100063562
0.389110253192484
0.027263703988865
0.508042325498536
0.774909300962463
0.0977005169261247
0.312210820848122
0.174461739137769
0.138722002273425
0.350554739357904
0.0378370662219822
0.686282062903047
0.32745046634227
0.20643147174269
0.027078245067969
0.453092203475535
0.711490108398721
0.608148947590962
0.75511611578986
0.273253458552063
0.132535103242844
0.567711637355387
0.254880135180429
0.835941983619705
0.90786317596212
0.630376370158046
0.792579636210576
0.534825576702133
0.0971645042300224
0.575410400750116
0.313894662540406
0.608103860169649
0.262165600433946
0.801103034289554
0.289010991808027
0.410388534888625
0.376408783718944
0.937194525962695
0.37115097627975
0.985303237335756
0.257072266424075
0.560648650396615
0.333452406805009
0.839036803226918
0.877341268584132
0.116030875593424
0.0322562912479043
0.887197113595903
0.903534580487758
0.90411297720857
0.723045468097553
0.216153711779043
0.739619199186563
0.581562772393227
0.601031267317012
0.0700280505698174
0.748800501227379
0.280403606127948
0.706820571096614
0.20522829098627
0.678236319683492
0.724971919320524
0.680896105244756
0.140175515785813
0.181643113493919
0.0580085329711437
0.524611836997792
0.420861228602007
0.782368718879297
0.194061120273545
0.0555926798842847
0.723540636943653
0.312417498324066
0.299411020707339
0.0976554655935615
0.969341582385823
0.187297833617777
0.0593658178113401
0.119738061912358
0.640604723012075
0.55029573617503
0.382666301447898
0.0416592133697122
0.168278708588332
0.423385754460469
0.238394426181912
0.501267587533221
0.0685936284717172
0.228707331465557
0.459265139186755
0.854960588971153
0.375066304812208
0.816955276299268
0.183445339323953
0.1212442885153
0.796703044790775
0.595439248019829
0.370055597741157
0.193764062598348
0.414997523883358
0.0973072957713157
0.26768262940459
0.768096027895808
0.156116848811507
0.675322787836194
0.804666538257152
0.132372426334769
0.957845218013972
0.0853990593459457
0.381282424321398
0.53755291341804
0.222782346652821
0.254711643559858
0.58506372035481
0.167726285988465
0.367436014348641
0.435786288464442
0.549799596192315
0.92271610442549
0.115244789514691
0.90189708233811
0.87844441877678
0.781901153968647
0.735738270217553
0.649787164991722
0.0316715992521495
0.894066752400249
0.564786094240844
0.0529261166229844
0.747991612646729
0.649693493964151
0.420042771846056
0.305424387799576
0.881191657623276
0.102547138463706
0.923708550632
0.0700706967618316
0.354385444195941
0.426806369097903
0.86681288969703
0.504797597881407
0.425159273436293
0.020731870085001
0.364966397872195
0.41537745273672
0.0629170052707195
0.191502668661997
0.215066834818572
0.115903665311635
0.223377364454791
0.153995365602896
0.400288223754615
0.912820790428668
0.804646147415042
0.816549982409924
0.49223865615204
0.842967711854726
0.821198236662894
0.502356478245929
0.198918997310102
0.335720146074891
0.288509575417265
0.937672883737832
0.250719081377611
0.429768857778981
0.575441426364705
0.746264001354575
0.891130558215082
0.300294297747314
0.0205308382865041
0.747219355078414
0.738428958458826
0.213152499403805
0.646271432051435
0.17252378561534
0.867686414858326
0.452864277875051
0.846621585777029
0.795707430224866
0.153940390329808
0.702724283793941
0.594461001688614
0.275503466371447
0.686220857314765
0.19726478564553
0.838427610229701
0.170867317123339
0.0336383765097708
0.28407385898754
0.708163865609095
0.846232667332515
0.207713852869347
0.52606608858332
0.625942073995247
0.142601287458092
0.928108637919649
0.706708989106119
0.757656846893951
0.256422485224903
0.583367794752121
0.606995338806883
0.697966314619407
0.990371890366077
0.612194184679538
0.480684240115806
0.921312469290569
0.475918208248913
0.947205749340355
0.336994850775227
0.410617641871795
0.702034925343469
0.0061029449570924
0.964532657759264
0.528280867263675
0.764376177219674
0.763936198549345
0.653337510069832
0.352112001506612
0.267355752410367
0.423713690135628
0.827692368766293
0.336994850775227
0.868753981543705
0.39919750392437
0.939748575212434
0.0417460261378437
0.137146601453424
0.264846717240289
0.596345723839477
0.0973072957713157
0.686822412768379
0.342317515518516
0.205822049407288
0.438014185987413
0.660794260213152
0.799524659058079
0.415832536527887
0.336997590959072
0.49012517160736
0.268416452920064
0.796227331040427
0.307159463176504
0.702724283793941
0.160743830958381
0.849014647770673
0.233698326628655
0.948206858942285
0.619374596048146
0.915879394626245
0.994906177511439
0.353230914799497
0.415367373498157
0.18047847552225
0.349068201379851
0.56678910413757
0.812353695742786
0.306210583075881
0.161502754781395
0.667501460993662
0.238843652652577
0.00206102640368044
0.871334225637838
0.999390488257632
0.0696568673010916
0.018861643737182
0.657641859725118
0.489473139634356
0.121182885952294
0.187297833617777
0.224183057667688
0.126618057023734
0.719189029885456
0.635175440693274
0.180015729973093
0.773401884129271
0.0629023453220725
0.280366336461157
0.911812827922404
0.0497970040887594
0.932121449615806
0.728925245348364
0.704587897984311
0.175120301079005
0.172656670212746
0.273428160930052
0.480153895216063
0.661622141720727
0.0458663064055145
0.0771305118687451
0.317509801592678
0.524929055245593
0.509849992115051
0.609238028060645
0.230975771090016
0.216153711779043
0.721596710383892
0.585637304931879
0.413113029440865
0.846355220302939
0.498807613970712
0.876851715845987
0.222782346652821
0.847637900384143
0.130822808481753
0.847075664671138
0.123459974303842
0.354385444195941
0.234539196128026
0.479591045761481
0.182588457362726
0.470433030510321
0.857727561844513
0.0210452976170927
0.968073123600334
0.929189183050767
0.388539593433961
0.725940095959231
0.665506616001949
0.822769332909957
0.261482235975564
0.110489103244618
0.584835302317515
0.732658840250224
0.168906837934628
0.785603626165539
0.45024775643833
0.319554154295474
0.71886640554294
0.135311589809135
0.409785427385941
0.612457529408857
0.529818936716765
0.538757273927331
0.165094098541886
0.730098566971719
0.141181250102818
0.794074510922655
0.153908759355545
0.207934073871002
0.547288954723626
0.287493539974093
0.205279796151444
0.713320882525295
0.167957428842783
0.231105984654278
0.0574168330058455
0.0697360143531114
0.410731412703171
0.775782132288441
0.670777975115925
0.807968153618276
0.638205123599619
0.887474128976464
0.781070158351213
0.952967112418264
0.124282708158717
0.414628177182749
0.382192550459877
0.990328223677352
0.0307329290080816
0.594964362680912
0.704946796642616
0.0627791292499751
0.646531933452934
0.942848513135687
0.581591257359833
0.499075376661494
0.669956986326724
0.799100590869784
0.859138270607218
0.375783492578194
0.503168103285134
0.385784707963467
0.207602751674131
0.840694574639201
0.560448101023212
0.366151151247323
0.488457196159288
0.915816732449457
0.188846896402538
0.233098478987813
0.607184128137305
0.210824999259785
0.802755725570023
0.707438040757552
0.40955325961113
0.475821686675772
0.0806453134864569
0.359746084315702
0.134642665507272
0.698252639034763
0.469565173378214
0.312417498324066
0.293103900039569
0.319663354661316
0.415367373498157
0.569412651937455
0.539042939199135
0.60519861872308
0.637019074521959
0.759560174541548
0.424960729898885
0.414628177182749
0.962449606042355
0.0316715992521495
0.185594227630645
0.332674661651254
0.2446267248597
0.142122166464105
0.431065475335345
0.312518283724785
0.830606756266207
0.41502423491329
0.800763245904818
0.267735538305715
0.6410320433788
0.48605286818929
0.96465553692542
0.803589910268784
0.90235699294135
0.900856619002298
0.550161131890491
0.0416423783171922
0.849265018012375
0.650609157048166
0.84734674077481
0.415310603100806
0.0312593672424555
0.826464270008728
0.692735453834757
0.068249759497121
0.293185168644413
0.927982190158218
0.195246781222522
0.8445564142894
0.766202138736844
0.150438754353672
0.561169736552984
0.652316456427798
0.208194987848401
0.561980602797121
0.393352081533521
0.505527009256184
0.137398721184582
0.364003170048818
0.500372079201043
0.258016920648515
0.207089329371229
0.831763865659013
0.379039890831336
0.34027728298679
0.79051929153502
0.243689507246017
0.849081870168447
0.549709738465026
0.150449506705627
0.781470958143473
0.665373442461714
0.986435369122773
0.705749546876177
0.156079931650311
0.693967265542597
0.369119482813403
0.259033588226885
0.208823326276615
0.558292197296396
0.252276425017044
0.476510758278891
0.212813980877399
0.188746432308108
0.496844144305214
0.167957428842783
0.854960588971153
0.949813045794144
0.914896298432723
0.159942814847454
0.121649017324671
0.0964152696542442
0.168278708588332
0.326532132225111
0.663014644756913
0.328786426689476
0.727508936543018
0.676184201380238
0.856723346048966
0.955284465570003
0.675915296189487
0.827440867666155
0.0976554655935615
0.937844765605405
0.97381657641381
0.708797085331753
0.910965635441244
0.410731412703171
0.569412651937455
0.654300324385986
0.414422254776582
0.460064565297216
0.0160918368492275
0.675191442249343
0.235001464607194
0.866390413371846
0.102779324632138
0.797805465292186
0.225861246697605
0.84886273695156
0.650208425940946
0.54079731553793
0.333223579684272
0.146823230199516
0.722817682428285
0.840275948634371
0.793528099544346
0.139669385971501
0.418192511890084
0.510897381929681
0.883003137307242
0.794567781267688
0.488381948322058
0.720247815363109
0.0919734092894942
0.44730002922006
0.796321696136147
0.915113453054801
0.674863683991134
0.883194653317332
0.438780802069232
0.939967657672241
0.975572530413046
0.476909829070792
0.862787046004087
0.854960588971153
0.923925315029919
0.531275563174859
0.955889718607068
0.363311932887882
0.48217920656316
0.249876640969887
0.374444067012519
0.94614874292165
0.399115042993799
0.038251047488302
0.853861180599779
0.61277687153779
0.914715627441183
0.979091987013817
0.0462354421615601
0.232011411571875
0.669046013150364
0.0121612006332725
0.626850105589256
0.444710701936856
0.862205636920407
0.783776118885726
0.679699208354577
0.830778613453731
0.168906837934628
0.362143192440271
0.192207602318376
0.715811867499724
0.234399142907932
0.768645584350452
0.494283655658364
0.258822682546452
0.267735538305715
0.878103335620835
0.153940390329808
0.471472298260778
0.464386206585914
0.288461694959551
0.163483719341457
0.082960293861106
0.617040392244235
