value
175.582836586629
154.055896462583
157.389355675267
133.217542323739
172.797685894515
128.937481692266
177.91250794505
168.485724976473
155.603362598435
176.135168665975
158.801042904785
182.559701894146
169.917600337513
179.870153487183
130.667511397858
172.019892600443
169.414611485585
181.784175672319
147.299835127475
179.648082414499
161.427151141696
166.534064225956
182.367597494659
167.735658118497
168.846931259659
176.190489164891
172.963149865336
178.749964032973
170.02604427291
162.042524779261
171.599452934932
163.18836185217
160.845267723793
175.433802135379
157.032026792964
157.833926921479
168.743859320423
156.514863999391
156.893646425085
195.782013548185
170.882868323138
185.165801925391
168.790628139687
149.661580850855
155.527459155643
170.228915158212
170.879036183561
157.26800666228
152.184935888658
161.000527373718
183.42431090657
184.058062361782
181.331472460813
172.746457913739
172.195139475366
179.25298086042
188.819456587923
180.529127157597
156.758309854668
173.75418280256
170.676293895649
175.826343128658
165.609957559004
174.991278649203
173.802687029308
178.700785837621
143.996901236902
146.978940630252
186.240342103888
161.778179586397
132.005449345468
178.647345548058
190.448874106951
161.904007244878
177.312527894363
162.053187898615
165.251364657211
144.990155517843
156.422617174569
147.303268911832
164.92766421355
174.274448937992
183.922233881188
174.94605512602
142.73763526896
145.245677713889
184.190921657853
151.059911934587
158.611416357837
180.522105589968
138.084784377555
169.09362762851
208.938705056649
174.626599422224
160.13240690017
164.077782466688
186.723424463179
181.113596523375
178.533829096175
147.708640266589
168.862742083422
168.299178766827
176.697044463507
179.648082414499
141.186934350811
186.554380774454
160.840229245367
167.951625977891
170.024454002547
164.858596694753
152.162098699302
153.332918930353
181.908018086698
196.331010675066
171.803517444574
168.292400392274
174.673341861861
167.510526712522
169.62297018467
175.289253315649
195.513102593995
160.748068826223
189.67591787611
170.430064920972
157.47235824181
171.771731436841
148.960856352888
157.943408734372
164.313034511314
169.678750590661
155.212399104557
176.400268121156
162.682559343243
180.959514766341
154.428100454774
174.521558369343
214.321667296022
160.435940235848
139.500166355636
168.433709443724
161.499203731362
157.288021366492
170.882868323138
178.647345548058
186.45928532131
196.183227313156
189.169524233675
152.914165091671
198.156013110648
172.898516644942
160.141523101915
175.64567179801
198.17838288723
154.885472575591
182.351205356475
155.891942218799
176.969996814135
159.288969030927
180.283874226746
191.183319289203
131.799506759046
163.410045554716
142.751225089417
175.798622575575
167.736220709327
183.655376535408
149.930233915174
175.203621902272
177.546502815719
173.67621339084
188.802231510131
139.30183315466
175.207585913367
141.943747868172
144.572294581672
184.070211600318
188.704368333195
170.794951962928
190.155194417794
134.808496264132
184.526477054879
185.666383212097
189.807712167419
163.096040593666
159.993040103187
161.41911747475
187.16990560391
168.22311667992
180.240866338535
167.435950603763
167.171871250827
171.841820863507
152.655620665062
159.21506197936
183.253936903905
142.974542609226
178.023867532474
186.45928532131
157.231744139535
149.091218028284
172.695905897157
159.87776436419
181.602428132906
183.032558646217
164.957314328973
165.377113174668
156.918742638357
160.506093998096
155.409393713262
172.673593316143
174.300218141023
148.562735996986
176.782983165831
177.500520820973
164.67652141641
161.567819675885
158.973140836724
146.600764075978
186.419393268609
151.304627133341
155.213801824433
153.647191319944
168.571110767057
162.094875043414
167.599605863731
173.356300510035
194.666186745766
147.969839148082
166.896972673676
171.120691388283
176.16069740739
175.322854247851
156.862316181742
171.583811873699
142.370690076316
170.576637803401
165.31062248566
167.102631112606
164.890302243454
116.998636646336
167.502372382163
180.274557204207
121.420221860544
176.820300005268
167.532811642207
150.219288973541
194.218435023374
173.818123276023
170.146840491472
204.828153841066
164.005632443091
187.754754587329
164.34699446523
178.843168502181
162.82327776135
184.221174175889
162.827626914984
178.529589749965
194.99713771481
132.784295123236
176.802307882745
173.034342600056
172.028036834533
183.024479931574
209.578370074078
157.349488532594
161.881258589072
172.357783853052
179.832665366336
161.85549126201
156.731967865147
162.022981368076
170.165288836913
184.320856516375
155.026932273074
185.270251907633
169.402053071582
130.184798504858
168.526344853366
191.193959286785
172.991550959498
195.903485126444
147.988028618827
146.418343731226
181.25809722164
185.286520372201
189.914438629723
204.886146222873
159.923486823383
176.953389825983
146.36140077309
187.176943207356
193.913270138699
145.496806226596
184.106761791427
183.010979215201
148.600924145366
163.034071533002
203.988846352585
180.052597658818
185.685451898786
186.891098430361
170.975042046759
194.001378493979
175.057779098609
185.590017883376
194.634275510694
188.528337017585
163.458675931768
172.615961407994
137.77843800904
206.875084832371
169.728524775193
163.41915298554
169.822056009949
187.576752254096
173.948531095577
173.994676081189
164.63013965869
169.528425457225
157.136912313929
170.634721217892
153.169949388238
183.367520458561
179.587745124488
172.193621370926
200.841751299317
191.010018884393
160.043746992245
165.814759194729
154.039700411112
165.877637249038
143.512434661342
182.163197098613
188.807618703042
174.674372334753
161.000527373718
146.508201369706
181.908018086698
171.788868931671
174.899078560512
136.352955843741
197.617367416323
167.175968661821
176.312641266243
166.617643490475
130.886888828714
151.215518182423
170.02604427291
174.13384677514
183.99600351017
136.899588877922
153.827432229838
168.0332752706
170.991545883857
153.212815428789
176.519353232198
159.237492231949
162.575115957046
212.570013736429
193.663807547121
173.753280541811
143.033970119156
152.719536952083
155.369442869298
163.178222559714
161.285311069706
152.941361132034
180.644092757993
179.287627875541
142.790157390634
178.248715792313
159.815368902311
194.736003685951
134.242037692207
175.762083205261
179.027954916175
149.501261609482
172.379421953523
155.233650523984
130.041073330299
154.420441744312
158.511507836677
187.54718318665
198.192272019108
184.043388568974
183.011821453351
186.509564179195
158.019936821429
184.868739796657
169.080542655614
147.331863846988
137.690952267382
185.168559417839
145.532389276002
158.417276879984
169.139693878242
197.433600651299
155.615827981878
170.069679786018
158.644874658438
182.435218012293
161.260247567734
167.159498612992
193.442198677079
122.9994537874
168.304219141722
181.521509701084
161.035936595902
180.958824545789
118.111469855921
180.296023542125
146.335200099628
190.267614017291
174.566683820857
150.47946646481
159.928651369564
163.149862803057
174.794638133922
183.009474739926
170.912362883414
155.000553377592
166.187401535053
184.307529484188
182.367463146484
174.471292029948
169.958562844855
188.909464887143
150.238880390707
157.951030784612
175.63481043638
154.722937848531
170.074257070531
168.434701455512
163.85242616495
158.528251724491
137.150780356683
166.769297909138
205.433958362402
181.277235150884
181.088571363131
177.7499850624
173.675408445837
180.495978458501
164.660694015448
159.693291791112
191.719215602994
176.771604510029
178.170631501119
184.363805614887
144.938353914381
182.368676049145
169.414611485585
149.868695258879
142.475427396331
167.473628929436
116.826458248862
170.205281869782
156.461167637854
176.15247702193
181.909207465598
173.922273146681
188.990507140168
191.187388319488
198.676918697148
179.465678913366
166.153003921817
166.698017149315
169.010506237463
175.826343128658
171.881102303192
160.826858708571
150.425713573879
160.710315340281
159.86268320788
163.178222559714
147.331863846988
176.519353232198
208.575662963619
159.572748070445
163.317322388148
213.532486514155
170.897246799093
184.536242291482
156.339343622269
170.321825279954
175.057779098609
151.650938385705
172.19678790204
195.04662175533
188.007652900599
174.275107752358
176.122858664658
137.066504742134
170.624919793558
158.356544483589
191.183319289203
162.677194433881
184.841163464524
212.754309310529
