value
160.465840649298
128.780000041308
176.896359911195
163.998513839408
172.668807370477
191.460610775009
173.907881097315
154.378713965222
175.370605894766
153.051117340425
186.488352657246
164.266452279767
152.361403258922
207.477894805948
164.204157761044
180.779060904475
168.148133948172
147.252105491463
175.26767909473
168.60202190529
172.286923204424
151.834419380829
163.586211601699
189.96360790751
176.327351995956
162.101775046963
182.367597494659
205.200509212936
174.445255848635
191.151539505386
178.743573467901
155.200689825534
168.418742129824
168.410391645682
164.06883072274
191.645071999541
163.202028961668
195.333620110548
192.007232790561
158.304497847492
182.727947235645
156.756413502662
171.101884378712
170.519436419043
185.386548195521
146.78078917125
163.178156823241
188.658539990465
192.573731693578
159.576389846197
196.168746529994
173.701743782732
176.608760124193
142.84610409045
132.754781243596
171.679016104816
174.570149084886
171.233786645234
167.472061010985
173.75418280256
140.338425274763
138.004863696618
187.816636647443
182.913206747804
186.903335615496
134.889800729095
194.020738925569
178.480273278213
193.190596791911
169.080542655614
175.762083205261
179.115045843334
145.01988050547
181.64417743115
150.44543334167
154.536109839105
152.379510091889
152.276923889633
155.596193688195
169.214947613569
168.008583656533
165.601045628038
155.603362598435
160.465824259272
189.509358955346
167.448527953503
145.900057305702
167.13822663453
174.167759366708
170.860758882973
176.687161186893
147.171503170441
136.01507373517
170.900357423515
192.786088615064
151.080708436756
175.562194931533
168.655050694784
178.647345548058
152.840588037366
190.596806794141
179.521896335243
178.848577916633
165.935217419747
168.410391645682
159.813067314965
170.686481626239
180.461830412703
167.611844051753
173.002532845472
185.270251907633
182.423996171588
124.588164193504
185.981040387106
162.50009366119
173.421089876104
169.308739595317
173.078071428405
166.469258012581
182.367597494659
174.010207900196
151.957325003396
146.064551047305
163.445057424971
165.31062248566
181.455292618111
164.216144444898
166.263161642662
157.725831598928
160.978234614596
162.940269380928
178.53517003231
178.168506887975
182.83260391679
175.503375763117
152.604344127135
157.878155528027
154.260892227195
197.617367416323
153.690921549144
165.877202159494
187.307040233381
152.719536952083
173.530058684975
148.731104431635
133.068371532294
174.399886966203
161.784039810065
175.568837930812
167.092986133156
161.000527373718
168.16587245625
171.716453140347
177.039753291119
196.909409758121
179.535365990453
196.777448373298
178.144496615749
162.569740486724
145.299663818115
149.661580850855
170.786496932858
147.388553823189
207.994024617949
173.523051586106
172.872120235493
146.145542705909
168.707453226019
176.79738351963
179.420837324539
143.009462581772
156.926729489323
168.22311667992
153.629747657192
171.78780258145
175.539127799308
163.501379183375
188.658539990465
168.211064976376
179.742271163864
191.050310117177
165.961342222882
144.372187324351
173.887628820273
163.317322388148
138.072383844657
150.630925941863
168.564303224221
140.31968509379
180.346486421247
166.303498479299
142.751225089417
146.63726726926
154.18014551366
174.729220596535
144.681546554367
153.285455028213
157.143953800526
171.720289201333
167.171569104249
146.946408649183
169.121244175046
167.71785594215
170.471092090231
154.368458384648
173.561270039341
170.962710365774
151.469664609092
153.301842552878
165.039388564965
155.51260125493
144.370390909995
182.033101895572
172.637751012347
179.888686385063
160.331360091866
148.60193955899
194.74274397426
174.127746012647
141.684816980649
175.024449608971
146.22104377426
153.230847825414
150.278678872038
176.70224187797
189.268759197615
176.042784320528
173.204854566033
183.787274344624
118.668349791976
129.962931569136
174.652947785475
163.96108857981
164.81493323251
160.653316623577
165.233541864401
149.203598387987
151.328769723714
185.126574804902
178.248715792313
154.39179424833
179.489066159831
136.819227070802
197.198122515189
147.147528233263
154.127269528938
180.268957887911
178.278556138956
194.286656337772
166.612952190266
178.887128285662
174.601416003631
186.529285016782
181.116304978349
167.367596265243
159.87776436419
198.192272019108
180.804945741715
173.582140564698
128.728759253342
161.576532441188
163.574610745082
161.743033791966
167.438567480233
151.696282620498
155.121099352808
150.21579737524
162.774655519466
164.049618426293
176.435699483969
181.493633054456
173.760995691165
162.38103267299
174.269790068453
178.721253748869
128.925467624712
134.140008156778
169.09362762851
153.336992397449
169.469879838006
186.99079528517
169.121244175046
156.04789153841
169.609387123504
138.091211289907
157.963864930739
184.66225645893
163.685350365526
123.054925219652
158.46002570193
181.598012032258
133.075206111458
173.569828469151
147.969839148082
192.067110178217
160.923731929055
161.927352274157
175.453790522006
186.927241918823
166.670956248723
192.734647423869
152.276923889633
173.574417556485
161.498049548818
169.947560856642
165.803025410243
160.949366854397
165.447230270688
173.254251328218
198.119608237117
191.418393130362
192.320761758103
153.350544281881
166.534154809758
187.211100449821
163.855922598763
152.224468807965
199.82194922683
157.951504565505
161.966811382675
171.437011801043
141.187945571217
172.337206733397
179.040494277695
195.984748374134
174.995806292803
176.122858664658
187.185208576644
176.782983165831
170.521932263575
184.004476024798
169.384220912858
149.914056616903
152.75271366693
155.919796970675
168.239539374964
190.482069547503
184.748276379966
167.387055192645
169.017907964362
171.936656292067
138.784814040811
172.296809384804
165.814759194729
162.465875986087
184.765294527029
170.757245596443
165.94958885473
161.426467968182
182.905418726185
157.230466033322
196.895122072083
172.21336511792
185.926598946319
194.565614938653
188.012196084478
171.996279650824
183.297667934139
181.838873687371
154.631842293042
180.171394284881
204.209169110962
169.121244175046
113.101436874375
154.260892227195
176.053230664132
180.152257767438
174.120685480744
146.060881847521
169.63898726398
165.390169438944
173.560856644894
163.689849254702
178.647345548058
168.179479013037
154.750588570408
176.757235692968
183.253936903905
182.819997085515
170.514822594884
180.987381565468
150.213972142857
138.001793300182
164.516039822968
185.400029572676
172.441374002091
162.615640064515
185.329886040328
168.418390530367
153.647591349378
170.278489701378
155.132869510952
170.27007577089
165.898584562263
122.9994537874
212.151571784266
171.249898203189
170.36853001536
149.269936225138
179.926717381362
192.256194298388
160.823732429298
167.833417901347
193.061449654492
187.259401125731
173.543486552368
136.051377297769
165.716912138557
165.669084093101
145.299663818115
159.68926957916
148.699948233737
165.492619323095
171.79845425874
196.356170966996
168.835879981347
152.244112051843
164.14621401936
165.929504280441
201.138812353342
168.412663162682
160.911595159891
174.699503969119
171.67475723544
150.529438049642
152.308652071934
169.521045764566
190.101899910637
153.332918930353
168.103768041469
146.178160701133
170.975042046759
167.532108027607
197.040298188934
176.372218624397
184.680961309495
165.142864494578
184.556409332708
163.238725069301
214.230169142649
159.892722635147
199.773852316329
168.518223644896
157.980994066235
160.949813329406
168.983971906678
176.139311042699
162.379450744589
154.38989537833
182.024325555156
152.109338523625
172.420862305862
178.57621011694
165.645051750796
138.091211289907
179.275972250742
169.844207897944
153.647191319944
174.916473858918
186.46491315918
159.997257225047
162.514779148665
169.957167863519
172.286923204424
173.651788090315
164.294680369745
161.329129447816
150.104305919575
157.585778474066
166.629138101042
150.178186723512
177.062153966421
170.757245596443
173.223911264207
157.721839320592
154.081165021547
176.189644536349
174.506342198059
200.213551952627
171.3611169986
160.65950712406
182.126829759314
149.14617569818
163.255753579524
170.248242672556
157.963017046718
174.764589168032
148.425446482424
142.370690076316
171.884047768095
175.382777988317
169.545222408426
195.763217912887
185.942197449271
169.511467542982
147.916144221694
174.951140112153
175.171010889268
180.558607661311
152.370198830734
