value
0.712046683300287
0.819488140521571
0.215153397293761
0.96419521747157
0.562954195775092
0.82999209035188
0.577725781593472
0.068249759497121
0.0724375152494758
0.0791378982830793
0.148185971425846
0.49372540274635
0.69339054916054
0.160555575741455
0.275680267717689
0.510240169242024
0.649562559323385
0.774506483925506
0.689021111698821
0.964283746667206
0.986313077853993
0.0257958439178765
0.7937956454698
0.426144419005141
0.41914918879047
0.466994707705453
0.275092642987147
0.944836343172938
0.111118815140799
0.136545983841643
0.587396533228457
0.249551411950961
0.997329999692738
0.970663111656904
0.797615234972909
0.763670162530616
0.274595892289653
0.431425987742841
0.0811537271365523
0.677353531587869
0.560448101023212
0.521168805891648
0.667715072631836
0.828340213978663
0.00650420831516385
0.607530719600618
0.244468696881086
0.832940370310098
0.429243654711172
0.607184128137305
0.46387372771278
0.354784146184102
0.00333171943202615
0.648999916389585
0.275680267717689
0.0180761551018804
0.205822049407288
0.229826880386099
0.335720146074891
0.425693070981652
0.546692010946572
0.7585704093799
0.506197296315804
0.547344850376248
0.171694502234459
0.528189099859446
0.0748904913198203
0.0791378982830793
0.989126136526465
0.266550435684621
0.278003499377519
0.60715016303584
0.14771000505425
0.560648650396615
0.38886152766645
0.855950658675283
0.933746921597049
0.592754555400461
0.506587417563424
0.42258599633351
0.299411020707339
0.620586261851713
0.418932444881648
0.696846192702651
0.104076964315027
0.0287577784620225
0.675518109695986
0.992225948255509
0.527554387459531
0.553108983440325
0.00122962146997452
0.771679650992155
0.916936923749745
0.26251412415877
0.616938631748781
0.181140938540921
0.634347672341391
0.446947683114558
0.0305604308377951
0.303205536911264
0.646900381660089
0.652087726164609
0.116967164212838
0.0638006352819502
0.138809923315421
0.477744637522846
0.512438154313713
0.206829807488248
0.682568531949073
0.250719081377611
0.9297393145971
0.15618106094189
0.0773200385738164
0.219559466233477
0.0359639453236014
0.514550477266312
0.903534580487758
0.874772094422951
0.173047344200313
0.366578849731013
0.842550632078201
0.545850940980017
0.80252581788227
0.175356608582661
0.0865423227660358
0.477681059157476
0.394948647124693
0.188111805357039
0.40835572546348
0.311125873355195
0.598974158754572
0.123529248405248
0.11341202352196
0.805576110025868
0.182422641664743
0.931297906907275
0.406042693648487
0.638274332042783
0.910209210356697
0.832888674223796
0.55870163324289
0.949921986786649
0.0198021871037781
0.127936255419627
0.15225402219221
0.288444204255939
0.711515240138397
0.0541664683260024
0.878103335620835
0.318337217206135
0.0782195350620896
0.102570752846077
0.124396039871499
0.6798865001183
0.142059106146917
0.082428595982492
0.658818980213255
0.941961007425562
0.274536670418456
0.317509801592678
0.532516439910978
0.156132176984102
0.770244877086952
0.463576132897288
0.992026127874851
0.286753001855686
0.852077640825883
0.973991579841822
0.697041065897793
0.746264001354575
0.756801769137383
0.756369484122843
0.891911295475438
0.477651274530217
0.965997899649665
0.63451677095145
0.629845985677093
0.188166004372761
0.200025107245892
0.700871956069022
0.970366837922484
0.923407468711957
0.914715627441183
0.948560452321544
0.669375449884683
0.0835325021762401
0.2021038394887
0.671383470762521
0.120042054215446
0.146671308903024
0.684542085742578
0.648754235357046
0.0268671456724405
0.594964362680912
0.894325644243509
0.567187279928476
0.733148023718968
0.0584920824039727
0.106591765768826
0.633816806599498
0.531325165182352
0.699428506661206
0.947465011849999
0.975947430124506
0.356369835790247
0.311409605201334
0.614590082550421
0.0951905916444957
0.972892690915614
0.327477292856202
0.476414496777579
0.305181954754516
0.432025137590244
0.832126758759841
0.982151742326096
0.606995338806883
0.16577320243232
0.254044524161145
0.554833171656355
0.922628529137
0.415310603100806
0.394261300098151
0.327735227998346
0.859482479980215
0.495606026146561
0.268038923153654
0.772000417346135
0.949813045794144
0.0855171037837863
0.017398091731593
0.587631361326203
0.478297893656418
0.715929651632905
0.756451352033764
0.670380502706394
0.620492663467303
0.903550929157063
0.410693851765245
0.478425412205979
0.663426959654316
0.760519429575652
0.685162218986079
0.645452187629417
0.918770207790658
0.909874289995059
0.221818034769967
0.656576010864228
0.489598371321335
0.469404467381537
0.548007933422923
0.843286514980718
0.146746108774096
0.201548080425709
0.0151878942269832
0.729158899281174
0.157659015851095
0.481265481561422
0.208194987848401
0.687304589198902
0.581924618687481
0.028684695251286
0.855998437386006
0.785833856090903
0.38068538531661
0.959382915403694
0.923687340226024
0.0406128556933254
0.282313789706677
0.174800349632278
0.782368718879297
0.0667132900562137
0.356537782819942
0.00162731134332716
0.946494784904644
0.204735687468201
0.268476740457118
0.113402383634821
0.88995524100028
0.583903583465144
0.0121612006332725
0.965756613761187
0.707137403544039
0.253641300136223
0.177833865163848
0.192668922711164
0.82134851673618
0.364966397872195
0.727856712182984
0.314884877065197
0.520721487468109
0.511460261885077
0.556201106170192
0.722398579120636
0.367795168422163
0.368698007427156
0.582639839733019
0.895748120499775
0.25689765624702
0.189095366513357
0.976305131800473
0.788343271240592
0.00113560003228486
0.750311373500153
0.91598587622866
0.871721409494057
0.982725183479488
0.454870647750795
0.280416962457821
0.830889716045931
0.214354392141104
0.456448379904032
0.138363668695092
0.836113394005224
0.232011411571875
0.648908890783787
0.748353121103719
0.501487085595727
0.558710049837828
0.311794403009117
0.77754706190899
0.0086576440371573
0.890308985486627
0.488548754015937
0.641292631393299
0.290733309928328
0.0926486549433321
0.0320486163254827
0.297393866116181
0.11056977068074
0.382829887559637
0.161458954680711
0.507413807092234
0.393659994937479
0.521257046377286
0.579112831270322
0.170408271951601
0.291815243661404
0.667219360126182
0.305837746709585
0.169596296502277
0.222107199253514
0.808581133838743
0.843822286697105
0.977272447897121
0.00957345776259899
0.0144436720293015
0.403805904323235
0.202910498948768
0.573159226216376
0.760713735595345
0.651208969764411
0.357450304785743
0.847651781747118
0.397653392516077
0.975856717908755
0.37630958808586
0.802982486551628
0.133711104514077
0.969886685721576
0.431425987742841
0.425404655747116
0.663562734611332
0.960650158114731
0.778586907312274
0.217811201699078
0.141485125524923
0.104267644230276
0.72135488409549
0.0745799851138145
0.0578901330009103
0.0166212490294129
0.431696596089751
0.414691431913525
0.596131381113082
0.931552845751867
0.54465843597427
0.470711508998647
0.160744099877775
0.812905609607697
0.694720272906125
0.163483719341457
0.662112907506526
0.409907817374915
0.987552982522175
0.689085446763784
0.455999116413295
0.61496025766246
0.985303237335756
0.225639337208122
0.0399786573834717
0.961143485503271
0.938985585700721
0.494983284268528
0.653295058524236
0.244613433489576
0.794376468053088
0.703796373214573
0.846655711065978
0.580193118890747
0.261482235975564
0.339283200213686
0.31990131828934
0.337477465393022
0.624328769743443
0.642044446663931
0.420216555939987
0.239732231944799
0.108131523476914
0.707681762520224
0.817693130811676
0.675257845316082
0.778572912793607
0.425635107327253
0.543859821744263
0.71419006632641
0.108669558539987
0.454651748063043
0.321135574486107
0.224204472498968
0.242517424747348
0.546774346148595
0.0161819737404585
0.122155383462086
0.225639337208122
0.822146735852584
0.508745222119614
0.657618025783449
0.327225078828633
0.719881250755861
0.972789417020977
0.421696780249476
0.783129711169749
0.311920125503093
0.787161284126341
0.993027263786644
0.967679608613253
0.558880452299491
0.957903895759955
0.726765101309866
0.880000922130421
0.0365305342711508
0.343455886235461
0.494283655658364
0.775529629085213
0.411877140169963
0.017048780573532
0.563883844297379
0.0593221285380423
0.796887263655663
0.498441831208766
0.49344324413687
0.804878279101104
0.0920339752919972
0.666396675631404
0.472091022413224
0.700512661132962
0.195885626832023
0.166425463277847
0.517196060856804
0.471319762989879
0.16093765059486
0.357477677753195
0.733060149941593
0.744927727151662
0.782054163049906
0.804950445191935
0.415832536527887
0.711286910576746
0.0683828217443079
0.150305435294285
0.153995365602896
0.797759773442522
0.709303315496072
0.0696477056480944
0.585808334173635
0.63451755233109
0.987101483391598
0.965354420943186
0.805576110025868
0.942471721675247
0.0592928596306592
0.685104463482276
0.810957923531532
0.886341595556587
0.748891866300255
0.240013840608299
0.927558073075488
0.0681520581711084
0.957866796990857
0.857804510975257
0.359334631124511
0.444543391466141
0.500729841878638
0.362591937649995
0.519573764875531
0.291906394530088
0.790610858006403
0.355801539029926
0.967782817780972
0.228101937333122
0.865214439108968
0.499506658408791
0.485366109060124
0.930595172801986
0.0645524230785668
0.0167841496877372
0.469941369257867
0.104210630524904
0.263126412173733
0.717452810611576
0.488123539602384
0.97881335625425
0.682199753820896
0.361227588262409
0.0714026291389018
0.235212502535433
0.501123998081312
0.933020456926897
0.746227309573442
0.76602632808499
0.26102689630352
0.726764276623726
0.689868409652263
0.827437790343538
0.137128996429965
0.443454897962511
0.454392732819542
0.958994711516425
0.181872063549235
0.433999475790188
0.679101748857647
0.077460760017857
0.670393564039841
0.343935498502105
0.809588038362563
0.562450193800032
0.206806727219373
0.746434807311743
0.169596296502277
0.973492443561554
0.722817682428285
0.362951167859137
0.874723620712757
0.533347120741382
0.198207777692005
0.777740775374696
0.463880545692518
0.16539869341068
0.960897563491017
0.295516601065174
0.289475035388023
0.126852723537013
0.364200132433325
0.419172774534672
0.937151951249689
0.0294666185509413
0.602439191425219
0.223516904050484
0.0149386781267822
0.17296917992644
0.887474128976464
0.830708348192275
0.172811492579058
0.318950542015955
0.98325112182647
0.51120957871899
0.0819016513414681
0.720699108671397
0.37115097627975
0.32568552182056
0.760521321091801
0.60519861872308
0.0813758370932192
0.0148876626044512
0.58748208777979
0.852879379410297
0.974665609654039
0.918479116633534
0.819697586353868
0.59267062577419
0.871654864633456
0.0615671912673861
0.957866796990857
0.972309510223567
0.242080243304372
0.89457471948117
0.925964033231139
0.448709490709007
0.129636507015675
0.141181250102818
0.52546992758289
0.630459923297167
0.672376533970237
0.118969056988135
0.33021319587715
0.610967340879142
0.748656605836004
0.249786768108606
0.791378055932
0.343020456843078
0.764815831091255
0.518197946017608
0.188289473764598
0.418933362700045
0.789022684330121
0.916936923749745
0.432737889001146
0.954352635890245
0.541359023889527
0.510240169242024
0.338474918389693
0.759256900986657
0.415931638563052
0.915504832519218
0.138687478844076
0.272969309007749
0.0161543905269355
0.955316618084908
0.91598587622866
0.12410869053565
0.349441996309906
0.375122764147818
0.148415626259521
0.914896298432723
0.221129565034062
0.989391271490604
0.331421301933005
0.768096027895808
0.464829520089552
0.0671691941097379
0.231006390415132
0.326990155968815
0.788492574589327
0.00391215831041336
0.272850021254271
0.811507701408118
0.345528119476512
0.913888620911166
0.290652270196006
0.612670398550108
0.777740775374696
0.663554544560611
0.0648249743971974
0.969230245798826
0.615334917791188
0.77444272628054
0.338690605480224
0.34694185317494
0.908350416691974
0.71227699960582
0.512162659317255
0.550721069565043
0.494895161362365
0.0965004323516041
0.735738270217553
0.16855669231154
0.653013279195875
0.353008144302294
0.349891854915768
0.025866850046441
0.188916096929461
0.792354372562841
0.0855171037837863
0.179221481783316
0.507413807092234
0.994601917918772
0.745088823139668
0.24098989716731
0.883892566431314
0.913888620911166
0.0616183686070144
0.937420669011772
0.475657162023708
0.561168488347903
0.49355186894536
0.401094125118107
0.573896038113162
0.165195325156674
0.251539054559544
0.184134936658666
0.139674699865282
0.728620489826426
0.39605808397755
0.0146171674132347
0.301878159400076
0.504752191482112
0.6798865001183
0.328029452357441
0.396264447364956
0.762495904695243
0.0593221285380423
0.730048588477075
0.993510134983808
0.161556600825861
0.316052114358172
0.188467980129644
0.965363030554727
0.466032650554553
0.992093238746747
0.118713886011392
0.0286303006578237
0.234399142907932
0.849081870168447
0.041718763532117
0.371608504559845
0.0263836204539984
0.860601680120453
0.564154657302424
0.963623130926862
0.512100497726351
0.479237891966477
0.325674971332774
0.716475442517549
0.914671198930591
0.907746313605458
0.428024472203106
0.221113068750128
0.921039225300774
0.251039318041876
0.297679417999461
0.86220582970418
0.0782195350620896
0.170418048743159
0.550504266982898
0.278777792584151
0.705384448403493
0.662112907506526
0.0057618438731879
0.328029452357441
0.59388704970479
0.137152911396697
0.94658710481599
0.41920849122107
0.162999368039891
0.568676650524139
0.14350785384886
0.71759939333424
0.393843973753974
0.720014320220798
0.0135381750296801
0.297687214333564
0.183348757680506
0.785260472213849
0.281617442844436
0.556774499127641
0.921562270028517
0.00824400526471436
0.665610236814246
0.340035552624613
0.185384707991034
