value
0.789403687464073
0.69986221101135
0.151512235403061
0.694195496151224
0.688662098255008
0.425195773830637
0.894325644243509
0.998448587022722
0.859274399001151
0.556201106170192
0.18490019114688
0.0829305977094918
0.568215543869883
0.043042330769822
0.348940776428208
0.0843227847944945
0.527691648108885
0.574174670036882
0.401904839789495
0.742050578119233
0.129449534928426
0.443487209035084
0.620128734270111
0.0803108308464289
0.0560657726600766
0.843782267533243
0.723335929214954
0.95516254962422
0.711043141316622
0.00744550628587604
0.506189256208017
0.425685288617387
0.703736499883235
0.456793708493933
0.498807613970712
0.0097788623534143
0.214903971878812
0.739310943055898
0.0786646022461355
0.312881322344765
0.481416158378124
0.574083892628551
0.738942812895402
0.0581249732058495
0.341782654635608
0.0213931438047439
0.454131925478578
0.637019074521959
0.541972264181823
0.728297083638608
0.565906247356907
0.989680727943778
0.947852376149967
0.590070377802476
0.020731870085001
0.357477677753195
0.246369099011645
0.166932915803045
0.392898445483297
0.471263090148568
0.366640565684065
0.374354289844632
0.0334686252754182
0.795709682395682
0.0065851213876158
0.844031192595139
0.329980975249782
0.847651781747118
0.298260232899338
0.685989858815446
0.284504542360082
0.0458563030697405
0.866422679740936
0.530431651044637
0.881770625943318
0.888479880522937
0.264930741861463
0.614986835280433
0.68756920681335
0.708330224035308
0.0614027003757656
0.115608047693968
0.527554387459531
0.318180905887857
0.884912216337398
0.411786961369216
0.764928696909919
0.95714874076657
0.26007191836834
0.720699108671397
0.189670562045649
0.891276226146147
0.772000417346135
0.220280716894194
0.881430424517021
0.558635636465624
0.796954803634435
0.71419006632641
0.387716572498903
0.387146985623986
0.370055597741157
0.763563545420766
0.185594227630645
0.440287147182971
0.561169736552984
0.10330136003904
0.182411711663008
0.518870555562899
0.310302574653178
0.775207270402461
0.206537165446207
0.0111202767584473
0.508693047566339
0.702803471358493
0.676184201380238
0.218320904998109
0.817081577610224
0.158751905430108
0.451081104343757
0.081743776332587
0.669330459786579
0.963038024725392
0.225215658079833
0.2705778547097
0.0133389504626393
0.805982453050092
0.0607355628162622
0.344856353476644
0.332346659619361
0.638705285731703
0.746211792109534
0.337477465393022
0.859754721401259
0.207602751674131
0.513237520121038
0.232209941139445
0.384815834695473
0.239595464430749
0.652587108546868
0.0851503587327898
0.609549574786797
0.963292890926823
0.588436739519238
0.899200292304158
0.241083033150062
0.570131695596501
0.627883996581659
0.718720821430907
0.450846281601116
0.0752436022739857
0.879958161152899
0.839915246702731
0.308223684551194
0.937343867961317
0.784174116328359
0.0479226422030479
0.186304565751925
0.89106987346895
0.224841280141845
0.708830885356292
0.765141196548939
0.758304052520543
0.558292197296396
0.386173217790201
0.174206838710234
0.251751359086484
0.268416452920064
0.626850105589256
0.434762890450656
0.301654524402693
0.376408783718944
0.614727294072509
0.898180549964309
0.0443143709562719
0.471643921919167
0.587182538583875
0.571742684813216
0.20297138299793
0.466224934672937
0.443634246708825
0.240120755974203
0.7937956454698
0.0192119525745511
0.297679417999461
0.603786389343441
0.80457439715974
0.69655761658214
0.756789197679609
0.543120767455548
0.485819736262783
0.646015729056671
0.881790343904868
0.605275543406606
0.527691648108885
0.649615780217573
0.514193633804098
0.428520813351497
0.130718891043216
0.700098697561771
0.00349196163006127
0.962875608354807
0.599829400423914
0.0901227716822177
0.806941699702293
0.191272238036618
0.313969165785238
0.440970030147582
0.330994683783501
0.406547330087051
0.1312602434773
0.725672794971615
0.529168302658945
0.820601225597784
0.77737381355837
0.282310772454366
0.426144419005141
0.897583694895729
0.509465949609876
0.814215022372082
0.959382915403694
0.834945362061262
0.745994206517935
0.0325665830168873
0.614666237263009
0.0931904809549451
0.380239137681201
0.212535644182935
0.720014320220798
0.272757010301575
0.93779598781839
0.801377708325163
0.62298569153063
0.247238819720224
0.877359163947403
0.7550885733217
0.529711300507188
0.00441391207277775
0.153908759355545
0.76699941069819
0.0570411258377135
0.258050448028371
0.999390488257632
0.174376931972802
0.182086226996034
0.258665406610817
0.102570752846077
0.657964817481115
0.19951006420888
0.251978389685974
0.173186287283897
0.276431987062097
0.482990329153836
0.252842483110726
0.397438840940595
0.774058537557721
0.768131299410015
0.897681127069518
0.570755062391981
0.609272114001215
0.228351746685803
0.325966319767758
0.225181706482545
0.868290953803807
0.633938285987824
0.7945805946365
0.398644038708881
0.766414295183495
0.30074991681613
0.435598379932344
0.538668771740049
0.707299131667241
0.407019426580518
0.0568263672757894
0.249198867240921
0.0349432623479515
0.322392928646877
0.0818364929873496
0.622326701646671
0.641596587607637
0.510897381929681
0.316581130726263
0.744636873248965
0.489311519544572
0.697052489733323
0.142855593468994
0.308958349516615
0.148130465298891
0.683496893849224
0.0382188870571554
0.958793143276125
0.483111520297825
0.821444013155997
0.0615671912673861
0.0482539781369269
0.269505833508447
0.731928439345211
0.631469558458775
0.090201853075996
0.184974191011861
0.720014320220798
0.781901153968647
0.19951006420888
0.52244960423559
0.961850812891498
0.00286031817086041
0.885806766571477
0.976305131800473
0.0332171071786433
0.426062301034108
0.132338856579736
0.941725983982906
0.305551746627316
0.0109461080282927
0.0624522813595831
0.422254794510081
0.958994711516425
0.621019856305793
0.147727898322046
0.547455760184675
0.257038421230391
0.933421339141205
0.513421859359369
0.879958161152899
0.68939073337242
0.875484394375235
0.930674606002867
0.19445487507619
0.020731870085001
0.130750039592385
0.101416123798117
0.281617442844436
0.753142776433378
0.535060932626948
0.55870163324289
0.0583983438555151
0.680068945046514
0.506549910875037
0.149771915515885
0.377910789102316
0.563959458377212
0.25591776217334
0.818972749402747
0.427454673452303
0.342214587377384
0.56890556961298
0.0363585867453367
0.0405367950443178
0.61863396409899
0.743973808828741
0.248183869989589
0.0109584459569305
0.46512542408891
0.725672794971615
0.261137722758576
0.909874289995059
0.537413239944726
0.845564174698666
0.766285619232804
0.0407321427483112
0.284687955398113
0.649340337375179
0.586431237170473
0.367058765143156
0.0245139130856842
0.111623366829008
0.485819736262783
0.427487072069198
0.762565637240186
0.708080026786774
0.987080995226279
0.941961007425562
0.663426959654316
0.769228314049542
0.042340608779341
0.609846957959235
0.388491131830961
0.148016687715426
0.416891301749274
0.967502295738086
0.835189525270835
0.89777067839168
0.928566384362057
0.997990474803373
0.517228175885975
0.970980211859569
0.7585704093799
0.631046826485544
0.806731335818768
0.487979844678193
0.33396063093096
0.549097205512226
0.280403606127948
0.887821949319914
0.428718269569799
0.117246017092839
0.805519076762721
0.978277316084132
0.22219153190963
0.453270946396515
0.478910312056541
0.318950542015955
0.319225092884153
0.822146735852584
0.270408905576915
0.260224394965917
0.651288619497791
0.801434789318591
0.16822787350975
0.641070467419922
0.544166346546263
0.0405367950443178
0.786594990640879
0.508374604629353
0.887608998687938
0.242080243304372
0.347198814619333
0.637799470918253
0.325481581734493
0.718591341748834
0.999983522575349
0.844031192595139
0.24134124442935
0.511808489449322
0.669953207718208
0.395273760193959
0.818777276203036
0.385780813870952
0.601483542472124
0.00342618604190648
0.854291318915784
0.184891837649047
0.0843227847944945
0.220872896024957
0.0151878942269832
0.926712340442464
0.0167841496877372
0.754607099574059
0.639236550079659
0.684785159770399
0.779369274619967
0.6410911323037
0.925318351713941
0.623347341548651
0.194622928742319
0.93684840737842
0.064320184988901
0.891595426946878
0.76177031500265
0.734654496889561
0.169966502347961
0.529715731972829
0.517122188583016
0.569696811959147
0.122847735881805
0.505483572836965
0.543120767455548
0.452385001583025
0.958573901560158
0.241812454303727
0.421859217341989
0.310225630179048
0.842075572814792
0.489815757377073
0.460856477031484
0.320656421594322
0.94832732481882
0.800679602660239
0.0823892650660127
0.0607662568800151
0.849081870168447
0.157619210658595
0.590248940978199
0.620514211477712
0.0580085329711437
0.877341268584132
0.717639995971695
0.185335231944919
0.196811710018665
0.229995442321524
0.793919265735894
0.927541712066159
0.311625596601516
0.52099510631524
0.954623374855146
0.627883996581659
0.668810091214254
0.511774813290685
0.766864572651684
0.809967472683638
0.082960293861106
0.820564778754488
0.0151569545269012
0.964307890972123
0.331433785380796
0.450930283870548
0.517196060856804
0.339179268572479
0.840694574639201
0.684369443450123
0.279076509643346
0.638294753152877
0.675102060427889
0.0231655850075185
0.927787852007896
0.73159865103662
0.16165859811008
0.558635636465624
0.298998954938725
0.463576132897288
0.978769592009485
0.788732860004529
0.33734640548937
0.981733004795387
0.00299232802353799
0.363347152248025
0.898704511811957
0.121494649909437
0.504990861052647
0.41842927900143
0.852944448357448
0.986741376807913
0.703170682070777
0.757426702417433
0.281558879185468
0.906543881865218
0.505483572836965
0.0379581132438034
0.238394426181912
0.936520102666691
0.892973606009036
0.363311932887882
0.52609118190594
0.139674699865282
0.369136493653059
0.71419006632641
0.98539653327316
0.611723261419684
0.207934073871002
0.977743891067803
0.488016231916845
0.777590014738962
0.318802681285888
0.78763893712312
0.556319976691157
0.859994747443125
0.127504866570234
0.31869105482474
0.738434960832819
0.40684646810405
0.842075572814792
0.635052554542199
0.146555721061304
0.360262754606083
0.126351092243567
0.279837909620255
0.624159363098443
0.765981636242941
0.689132381230593
0.338900002650917
0.0907827182672918
0.357133831130341
0.00162731134332716
0.538513778243214
0.357754711760208
0.0491492894943804
0.600745824165642
0.00333171943202615
0.485119113931432
0.0791622418910265
0.898097500437871
0.131591461133212
0.037249217974022
0.801396888215095
0.620049027726054
0.0360879867803305
0.537227026885375
0.0231655850075185
0.121153651503846
0.371831908123568
0.159994774032384
0.0359043558128178
0.860980729339644
0.549962043995038
0.358943946892396
0.838900152593851
0.681331039406359
0.587751022772864
0.484642316354439
0.503743587061763
0.791917782276869
0.709984185406938
0.826994266128168
0.668929319363087
0.663702320307493
0.9467881124001
0.692424571840093
0.933232879266143
0.299579449463636
0.60868121101521
0.0396127214189619
0.195964511251077
0.0161819737404585
0.506203093798831
0.741932431701571
0.772363796830177
0.50854530534707
0.484725087881088
0.702318036463112
0.201548080425709
0.904850917868316
0.464961605612189
0.670129059581086
0.952967112418264
0.754756323993206
0.174329012865201
0.451081104343757
0.563921285793185
0.344129927223548
0.19678667630069
0.822255002334714
0.406658995663747
0.720516509376466
0.607184922555462
0.7813768631313
0.805564791662619
0.313007374992594
0.158005455741659
0.103256406961009
0.171382015105337
0.487383224768564
0.929407688090578
0.370055597741157
0.75457343715243
0.106755315093324
0.411922434577718
0.694896067027003
0.16428867331706
0.213989777257666
0.460371571360156
0.288909050868824
0.339925644453615
0.362838085042313
0.654320775298402
0.972119356505573
0.564154657302424
0.816098070703447
0.915128904627636
0.259218705585226
0.949649476213381
0.320773740997538
0.646410949528217
0.0610905482899398
0.624311068560928
0.419785264879465
0.352021298138425
0.757727070944384
0.271459223004058
0.529585205251351
0.153619667282328
0.614727294072509
0.679938199697062
0.963292890926823
0.257042010081932
0.978115647099912
0.62483598664403
0.697052489733323
0.391020810697228
0.336947012459859
0.689383869292215
0.0924803460948169
0.800679602660239
0.917264079675078
0.303575757192448
0.242342463927343
0.46664233203046
0.147944084834307
0.261517990846187
0.261482235975564
0.88231466896832
0.48296703887172
0.986488138791174
0.578245646785945
0.139005896635354
0.671283413423225
0.179666084004566
0.337611629394814
0.323069875594229
0.439649989828467
0.423544311895967
0.93633552454412
0.0294666185509413
0.912561991950497
0.566796967526898
0.89777067839168
0.727001998340711
0.41437136544846
0.323785315500572
0.724934616824612
0.502415662398562
0.204800626263022
0.0818364929873496
0.694762761006132
0.242701719747856
0.812905609607697
0.486467450857162
0.850439450005069
0.817400238243863
0.793683056486771
0.788079312071204
0.669056402053684
0.892242917558178
0.18428095150739
0.100152653874829
0.143132644938305
0.796227331040427
0.970149382716045
0.764330306788906
0.236957219662145
0.480701837688684
0.919390237424523
0.309165243292227
0.485097350319847
0.379788584541529
0.924677974544466
0.362700334284455
0.649613607674837
0.423385754460469
0.274996727705002
0.531481678364798
0.00388818839564919
0.266373816179112
0.844110880512744
0.0258166503626853
0.164238585857674
0.157713247928768
0.951094716554508
0.36418422870338
0.779789908556268
0.198845324106514
0.766767314635217
0.546692010946572
0.562770169228315
0.571130411466584
0.794589572586119
0.285068666329607
0.784810738638043
0.853716377867386
0.404406539862975
0.429772168397903
0.187297833617777
