value
158.134969645929
154.886357572214
161.655892163564
200.120717005218
167.758576775289
173.957407473539
144.498466155306
169.739054162455
153.383042591256
171.555754902747
180.214409665723
161.241679017294
178.398365924675
171.751772932258
137.309635536116
167.663637838971
155.659761806511
171.120921940694
147.119154912648
182.228282642531
157.502744592457
200.756284389603
134.655618796255
135.223502882165
149.176954244183
159.236897031707
168.386401292933
171.120921940694
190.101899910637
186.927241918823
197.018278580828
154.707038742857
166.883747153562
145.150171702768
175.990721939765
178.199330223376
161.19685340919
169.462343039787
203.04643277043
124.33161935822
184.471226646894
152.434248789923
144.926337256922
156.04789153841
156.199445473837
171.342210877791
156.603498287915
165.952600232033
161.863394404519
136.506786830894
155.964302086555
182.766959990171
173.125490613818
184.693966736066
143.168144155473
199.70759203686
148.933785757976
171.383577316786
135.971411979192
178.563639016151
173.628951405187
152.057532699701
170.519436419043
154.365505497383
156.539878117733
164.27455488973
159.542979377997
177.194841379679
160.464033818438
150.32284894195
174.622056119938
141.2908072791
188.372351575595
151.102097485285
144.947015999244
167.733880184776
164.327210297741
164.850422972127
177.914474621673
163.050186442574
160.127097193071
184.169975391596
154.378337640324
192.183487073027
167.642338226406
181.934873460302
140.114122908284
197.188323510922
162.10467125052
155.298213519428
159.288969030927
185.530555064146
133.068371532294
178.872047342585
161.566238950445
161.802700884861
155.309310507701
146.060881847521
172.901388545721
166.46003724054
172.612370692542
181.922659727222
155.525391106974
169.746651174925
175.050750141453
186.207635195292
160.978234614596
148.629376338873
122.9994537874
163.335409596316
177.204733297219
166.945299834016
155.964861677872
169.963831511368
165.78876941272
165.223742772744
153.825552885981
193.458806292148
154.536109839105
158.862335764106
170.419043630418
138.761560022029
179.433141301802
196.892505506167
184.652162924285
179.562645708528
176.101327665039
174.700174890937
202.181787972608
156.630637895024
139.843384427773
170.150322814485
180.553821618795
154.583974507633
148.256058884078
173.344287320974
193.408310521057
159.500890884681
169.746651174925
140.026248200449
153.20170881684
174.880368024889
196.138459491364
157.032026792964
153.478685981455
166.512819359488
164.575939852221
150.999926716149
162.33780312194
176.024400521394
154.041766697132
136.526806860779
162.480739213095
178.454247436801
173.002532845472
175.74413765624
150.307562167017
138.137440272115
135.88416606175
180.111858190109
164.435110931459
167.925484286899
160.908386708906
145.973123392669
167.443646301578
167.582362552068
175.06729211724
225.381244042889
169.188889205951
163.223387129587
199.82194922683
157.806309255083
166.484371709969
168.038836948841
171.822802756958
187.06037018531
152.786289230775
166.291317834249
183.169002041749
177.749716018423
159.844249400352
174.226274205219
178.89193542889
184.458458905561
160.348661083964
194.208673248711
173.838677363428
208.828472974818
159.618944062991
158.549381811625
173.002532845472
168.12722397573
141.698018043271
163.801839399892
136.097024405364
188.772473641184
154.422035267083
194.399499923267
149.347286865328
215.103028285565
169.844207897944
200.342049712379
165.431368025288
162.085950037821
164.663835663056
169.112100735135
164.759572772758
185.234705596065
150.451717219678
181.866984773105
184.320856516375
158.443207117164
153.463027992963
185.401150086685
183.176710405281
157.20092411566
151.419248268646
139.832825004278
179.317232605719
165.364937453505
161.127238894236
193.591632491711
175.812091105955
182.219466758599
204.229269640309
146.168796851238
157.169854580954
181.768460687275
167.097834311017
178.752775159892
116.826458248862
175.439595763384
168.21559211355
143.619995757377
162.671781085969
153.015987414995
144.537294294326
163.100376148626
185.079207645716
177.923204903996
162.166059233493
174.080881589959
194.267975704729
150.451717219678
151.424228763332
153.633636153414
168.239539374964
189.169524233675
194.888204090548
173.948531095577
188.06342516614
175.180879670332
184.281151153684
162.943389975904
163.307502287527
160.879191073781
169.928762120549
182.834492864961
181.049505979858
178.24646679579
192.281741295615
180.563887786521
153.103656738836
192.90468895434
150.44543334167
196.114574875176
164.761413806684
149.919449267212
165.78876941272
174.906915283245
168.29701566488
190.262651171146
156.77741039111
141.007801195965
162.943389975904
191.807976274516
157.276234452764
169.402020671923
155.603362598435
183.865428013686
153.596258739342
164.125052866469
158.741790311946
179.388268535824
159.540059229742
176.820300005268
167.92336142028
182.313545922822
170.873272456334
173.724846496774
169.480795994048
166.947429773758
126.026075388775
173.883860027271
161.578481493857
154.272702361842
174.387114724614
173.465784255038
185.182111792635
187.389751575968
159.886151622285
167.034359315478
177.722907854158
139.807555691058
172.488891461679
194.134209037749
173.125490613818
199.971628755593
178.719131074446
167.99744521522
172.932577023032
175.22761485428
161.909669947821
150.723169695392
153.633636153414
144.560741646283
159.242969788041
157.293001673441
155.09256253289
193.98790768104
159.493504884497
164.761413806684
151.923410816258
183.351340247399
167.199476059886
173.410667365175
165.809119798636
194.908164664601
170.358943349491
172.682622892157
186.5177235092
198.902311340215
183.289669653483
179.030809539403
176.523245656259
184.106761791427
161.965904099794
172.631069828995
209.81361860713
166.290854607225
161.184566489499
152.941043509972
162.399858902182
183.63345044322
181.060525546612
138.63799617897
168.160973291517
167.16005199226
169.414611485585
162.633834817628
181.522134568168
179.071200350153
182.659593077402
194.352580488039
172.950830694959
167.052019350007
140.69441889541
165.134220932917
168.338659509571
176.202999643443
174.807465572813
146.261790810563
169.703995037563
143.243710577607
143.996901236902
158.290481837978
176.717570466498
158.62208915595
184.872433143391
198.82413912186
183.464216836709
182.878816739942
160.386102185482
166.403286328626
198.271968638486
153.865517333636
170.39335139276
194.075869751761
154.913157817969
168.299178766827
173.574417556485
151.884058017863
164.434660336265
159.555678611865
168.163429311216
162.379450744589
183.818044338581
191.379697865122
194.916234590305
165.26658021585
196.639488151089
195.630592938826
142.243910543651
156.304527059
165.991748211225
144.995274086418
182.727947235645
164.291285637136
171.847196471485
167.641812543779
180.807725071018
173.356559403388
177.87933393472
162.568589408717
163.335409596316
178.885730137317
166.617643490475
124.975707205065
157.208413228715
167.136133448977
185.286520372201
196.896643696277
177.574077963872
189.098384588743
157.096862225264
190.316589146682
166.914952407634
163.047209290837
152.824052860538
167.888504054473
163.411927698359
148.549464432422
169.290279526146
164.734297484496
143.352620076374
154.926271063978
182.776078228194
178.830667141518
209.796345220272
172.840220157305
177.749543988241
179.956128112828
201.553029190494
146.446499212697
215.284164841867
173.591146164297
192.565056921369
152.763778780189
189.817336261035
164.544288856304
195.276501031297
161.096251715787
156.429974073805
189.056913581247
155.379101140929
208.642943523717
202.093464756151
152.063289795816
203.503373011484
162.623630213887
186.020459561355
160.42472548967
133.252065732385
180.418556002368
176.113103038435
164.547436544103
157.724367881063
167.459466539244
187.002171538209
180.131146625702
171.052084926823
175.900181662487
152.958272420764
155.452673393506
179.740483468164
153.310757352602
158.168480020838
156.893626136409
190.857084904961
177.02921230787
162.791836054183
184.97513274213
179.40413329165
163.842539633404
138.282815342292
183.332288195249
162.30513278285
161.609089077421
194.218435023374
163.810220227418
153.712365939484
148.173455829664
177.075989913193
187.331912496026
161.387071483722
189.731164683399
140.969487451228
157.457824279261
161.912715544589
176.654182073123
119.353031107
156.603498287915
203.068216407708
146.221141545966
169.840531797616
199.900013143964
182.477568329092
183.989827463328
156.824427167894
199.563981048721
